Title: *** advanced.cir ***
Date: Thu Mar 12 12:29:33  2015
Plotname: Transient Analysis
Flags: real
No. Variables: 4
No. Points: 1001
Variables:
	0	time	time
	1	v(c8)	voltage
	2	v(c9)	voltage
	3	v(e8)-v(e9)	notype
Values:
 0	1.000002800000980e-05
	1.124096666348969e+01
	1.086254265805934e+01
	1.239872715401318e+00

 1	1.000012800000980e-05
	1.130247964251599e+01
	1.078360762811355e+01
	1.216605857729090e+00

 2	1.000022800000980e-05
	1.136281624242802e+01
	1.070501634996698e+01
	1.191258713683065e+00

 3	1.000032800000980e-05
	1.142129636818074e+01
	1.062721787210627e+01
	1.163953110296812e+00

 4	1.000042800000980e-05
	1.147724771401789e+01
	1.055070654462126e+01
	1.134834332035305e+00

 5	1.000052800000980e-05
	1.153004679084471e+01
	1.047600267639599e+01
	1.104066991974617e+00

 6	1.000062800000980e-05
	1.157916595226540e+01
	1.040362721765126e+01
	1.071828709201447e+00

 7	1.000072800000980e-05
	1.162421722135550e+01
	1.033407414546091e+01
	1.038302375290900e+00

 8	1.000082800000980e-05
	1.166498188609598e+01
	1.026778570223403e+01
	1.003668358482965e+00

 9	1.000092800000980e-05
	1.170141752427367e+01
	1.020513509804028e+01
	9.680980968373514e-01

 10	1.000102800000980e-05
	1.173364086898709e+01
	1.014641872899983e+01
	9.317500471356781e-01

 11	1.000112800000980e-05
	1.176189242703353e+01
	1.009185681157549e+01
	8.947681343549285e-01

 12	1.000122800000980e-05
	1.178649316810386e+01
	1.004159934319257e+01
	8.572821334976579e-01

 13	1.000132800000980e-05
	1.180780333739734e+01
	9.995734170617078e+00
	8.194091143566522e-01

 14	1.000142800000980e-05
	1.182618984577392e+01
	9.954295058290150e+00
	7.812551826826082e-01

 15	1.000152800000980e-05
	1.184200435376899e+01
	9.917268927546772e+00
	7.429170496815609e-01

 16	1.000162800000980e-05
	1.185557100531717e+01
	9.884602233033476e+00
	7.044832500413283e-01

 17	1.000172800000980e-05
	1.186718132861222e+01
	9.856206700430345e+00
	6.660350106811974e-01

 18	1.000182800000980e-05
	1.187709370035171e+01
	9.831964609156776e+00
	6.276468486195763e-01

 19	1.000192800000980e-05
	1.188553530167886e+01
	9.811733692740596e+00
	5.893869867254706e-01

 20	1.000202800000980e-05
	1.189270517336123e+01
	9.795351655424504e+00
	5.513176587779003e-01

 21	1.000212800000980e-05
	1.189877755042085e+01
	9.782640281444753e+00
	5.134953527800459e-01

 22	1.000222800000980e-05
	1.190390505290688e+01
	9.773409122535853e+00
	4.759710230395300e-01

 23	1.000232800000980e-05
	1.190822155006677e+01
	9.767458767925952e+00
	4.387902889214870e-01

 24	1.000242800000980e-05
	1.191184464608911e+01
	9.764583717349909e+00
	4.019936303614724e-01

 25	1.000252800000980e-05
	1.191487779925359e+01
	9.764574887640082e+00
	3.656165856223543e-01

 26	1.000262800000980e-05
	1.191741211271113e+01
	9.767221787734396e+00
	3.296899541250686e-01

 27	1.000272800000980e-05
	1.191952784262840e+01
	9.772314397261304e+00
	2.942400056430268e-01

 28	1.000282800000980e-05
	1.192129601450559e+01
	9.779644567078106e+00
	2.592886457394163e-01

 29	1.000292800000980e-05
	1.192278075765285e+01
	9.789006656889391e+00
	2.248534386856200e-01

 30	1.000302800000980e-05
	1.192403846629946e+01
	9.800199854488429e+00
	1.909480118736651e-01

 31	1.000312800000980e-05
	1.192511756028018e+01
	9.813029309692553e+00
	1.575824107032244e-01

 32	1.000322800000980e-05
	1.192605945020614e+01
	9.827306893629785e+00
	1.247633482909283e-01

 33	1.000332800000980e-05
	1.192689928659575e+01
	9.842851850568948e+00
	9.249446120908411e-02

 34	1.000342800000980e-05
	1.192766672504948e+01
	9.859491387384772e+00
	6.077655799274129e-02

 35	1.000352800000981e-05
	1.192838655328469e+01
	9.877061104064932e+00
	2.960786498536527e-02

 36	1.000362800000981e-05
	1.192907928883261e+01
	9.895405325570790e+00
	-1.015736130315137e-03

 37	1.000372800000981e-05
	1.192976169222112e+01
	9.914377314175390e+00
	-3.110047738018662e-02

 38	1.000382800000981e-05
	1.193044724106273e+01
	9.933839394798046e+00
	-6.065448256569472e-02

 39	1.000392800000981e-05
	1.193114654671887e+01
	9.953662991996739e+00
	-8.968755398511274e-02

 40	1.000402800000981e-05
	1.193186773322820e+01
	9.973728597185499e+00
	-1.182109689404551e-01

 41	1.000412800000981e-05
	1.193261677363006e+01
	9.993925670746576e+00
	-1.462372860602348e-01

 42	1.000422800000981e-05
	1.193339779301243e+01
	1.001415249099299e+01
	-1.737801619548547e-01

 43	1.000432800000981e-05
	1.193421333814102e+01
	1.003431595608674e+01
	-2.008541782587865e-01

 44	1.000442800000981e-05
	1.193506461872546e+01
	1.005433134744108e+01
	-2.274746792374769e-01

 45	1.000452800000981e-05
	1.193595172168228e+01
	1.007412206049797e+01
	-2.536576199198504e-01

 46	1.000462800000981e-05
	1.193687380158705e+01
	1.009361930935030e+01
	-2.794194247192576e-01

 47	1.000472800000981e-05
	1.193782924902157e+01
	1.011276181033464e+01
	-3.047768563893811e-01

 48	1.000482800000981e-05
	1.193881583911199e+01
	1.013149544962848e+01
	-3.297468951298781e-01

 49	1.000492800000981e-05
	1.193983086191531e+01
	1.014977293908189e+01
	-3.543466275870713e-01

 50	1.000502800000981e-05
	1.194087123645200e+01
	1.016755346420492e+01
	-3.785931454607787e-01

 51	1.000512800000981e-05
	1.194193360987366e+01
	1.018480232767471e+01
	-4.025034533849370e-01

 52	1.000522800000981e-05
	1.194301444323834e+01
	1.020149059137530e+01
	-4.260943857229722e-01

 53	1.000532800000981e-05
	1.194411008518890e+01
	1.021759471955791e+01
	-4.493825318925269e-01

 54	1.000542800000981e-05
	1.194521683476418e+01
	1.023309622538226e+01
	-4.723841698170466e-01

 55	1.000552800000981e-05
	1.194633099445109e+01
	1.024798132276288e+01
	-4.951152070877485e-01

 56	1.000562800000981e-05
	1.194744891450884e+01
	1.026224058516243e+01
	-5.175911294113120e-01

 57	1.000572800000981e-05
	1.194856702950222e+01
	1.027586861270763e+01
	-5.398269559137341e-01

 58	1.000582800000981e-05
	1.194968188790504e+01
	1.028886370877337e+01
	-5.618372008698822e-01

 59	1.000592800000981e-05
	1.195079017555634e+01
	1.030122756697200e+01
	-5.836358414300615e-01

 60	1.000602800000981e-05
	1.195188873368237e+01
	1.031296496930505e+01
	-6.052362909193771e-01

 61	1.000612800000981e-05
	1.195297457212895e+01
	1.032408349607602e+01
	-6.266513772920785e-01

 62	1.000622800000981e-05
	1.195404487838619e+01
	1.033459324802637e+01
	-6.478933263312125e-01

 63	1.000632800000981e-05
	1.195509702292735e+01
	1.034450658104051e+01
	-6.689737491932231e-01

 64	1.000642800000981e-05
	1.195612856132648e+01
	1.035383785366577e+01
	-6.899036339073419e-01

 65	1.000652800000981e-05
	1.195713723356453e+01
	1.036260318761028e+01
	-7.106933404502982e-01

 66	1.000662800000981e-05
	1.195812096088001e+01
	1.037082024131267e+01
	-7.313525990275507e-01

 67	1.000672800000981e-05
	1.195907790476407e+01
	1.037850796011118e+01
	-7.518905205719129e-01

 68	1.000682800000981e-05
	1.196000712146346e+01
	1.038568600622151e+01
	-7.723156996944562e-01

 69	1.000692800000981e-05
	1.196090838967105e+01
	1.039237470694536e+01
	-7.926362306904366e-01

 70	1.000702800000981e-05
	1.196178164629048e+01
	1.039859502273277e+01
	-8.128596757890616e-01

 71	1.000712800000981e-05
	1.196262692504440e+01
	1.040436834984794e+01
	-8.329930767624814e-01

 72	1.000722800000981e-05
	1.196344434603528e+01
	1.040971635555777e+01
	-8.530429714750942e-01

 73	1.000732800000981e-05
	1.196423409860887e+01
	1.041466083608974e+01
	-8.730154102152499e-01

 74	1.000742800000981e-05
	1.196499642758898e+01
	1.041922359420252e+01
	-8.929159724991567e-01

 75	1.000752800000981e-05
	1.196573161465365e+01
	1.042342633002600e+01
	-9.127497838202816e-01

 76	1.000762800000981e-05
	1.196643995546083e+01
	1.042729054736747e+01
	-9.325215318990865e-01

 77	1.000772800000981e-05
	1.196712172537480e+01
	1.043083747554369e+01
	-9.522354814596370e-01

 78	1.000782800000981e-05
	1.196777712641328e+01
	1.043408801107752e+01
	-9.718954860805140e-01

 79	1.000792800000981e-05
	1.196840619955696e+01
	1.043706268540482e+01
	-9.915049945901178e-01

 80	1.000802800000982e-05
	1.196900867655124e+01
	1.043978167095447e+01
	-1.011067047735684e+00

 81	1.000812800000982e-05
	1.196958372500474e+01
	1.044226484686700e+01
	-1.030584257725913e+00

 82	1.000822800000982e-05
	1.197012950690718e+01
	1.044453196222506e+01
	-1.050058757839582e+00

 83	1.000832800000982e-05
	1.197064241116776e+01
	1.044660296282613e+01
	-1.069492099856562e+00

 84	1.000842800000982e-05
	1.197111571838268e+01
	1.044849859661614e+01
	-1.088885060735812e+00

 85	1.000852800000982e-05
	1.197153727959037e+01
	1.045024149701097e+01
	-1.108237291818386e+00

 86	1.000862800000982e-05
	1.197188549062266e+01
	1.045185808643568e+01
	-1.127546695801360e+00

 87	1.000872800000982e-05
	1.197212234158659e+01
	1.045338188106074e+01
	-1.146808336042119e+00

 88	1.000882800000982e-05
	1.197218150774355e+01
	1.045485916265386e+01
	-1.166012550990778e+00

 89	1.000892800000982e-05
	1.197194820787641e+01
	1.045635856530987e+01
	-1.185141742415274e+00

 90	1.000902800000982e-05
	1.197122589296571e+01
	1.045798688952364e+01
	-1.204165022121599e+00

 91	1.000912800000982e-05
	1.196968327346333e+01
	1.045991411961957e+01
	-1.223029601292281e+00

 92	1.000922800000982e-05
	1.196677585025085e+01
	1.046241012010220e+01
	-1.241647771761976e+00

 93	1.000932800000982e-05
	1.196164455619017e+01
	1.046589110955024e+01
	-1.259879339762571e+00

 94	1.000942800000982e-05
	1.195302032790200e+01
	1.047096123824809e+01
	-1.277512878558601e+00

 95	1.000952800000982e-05
	1.193921306675920e+01
	1.047841222443746e+01
	-1.294256144589408e+00

 96	1.000962800000982e-05
	1.191830596750434e+01
	1.048913021399832e+01
	-1.309752592029740e+00

 97	1.000972800000982e-05
	1.188861807684919e+01
	1.050389901629848e+01
	-1.323634560990048e+00

 98	1.000982800000982e-05
	1.184928088306042e+01
	1.052319258920867e+01
	-1.335596189637087e+00

 99	1.000992800000982e-05
	1.180057576591037e+01
	1.054710448664514e+01
	-1.345443398176648e+00

 100	1.001002800000982e-05
	1.174378714590055e+01
	1.057545728159628e+01
	-1.353091213878289e+00

 101	1.001012800000982e-05
	1.168068438784880e+01
	1.060798121763254e+01
	-1.358520666407157e+00

 102	1.001022800000982e-05
	1.161297423958220e+01
	1.064443102600744e+01
	-1.361731134689292e+00

 103	1.001032800000982e-05
	1.154198181488328e+01
	1.068460610968138e+01
	-1.362712604334325e+00

 104	1.001042800000982e-05
	1.146859144925322e+01
	1.072831821097408e+01
	-1.361439413299481e+00

 105	1.001052800000982e-05
	1.139333723587178e+01
	1.077535633047587e+01
	-1.357875460114939e+00

 106	1.001062800000982e-05
	1.131653028623593e+01
	1.082546810454373e+01
	-1.351982051366375e+00

 107	1.001072800000982e-05
	1.123836560158653e+01
	1.087835456640909e+01
	-1.343724587174465e+00

 108	1.001082800000982e-05
	1.115899563272879e+01
	1.093367027973154e+01
	-1.333077522759224e+00

 109	1.001092800000982e-05
	1.107857624027206e+01
	1.099102371550853e+01
	-1.320028126714661e+00

 110	1.001102800000982e-05
	1.099729436772846e+01
	1.104997613572345e+01
	-1.304579622873912e+00

 111	1.001112800000982e-05
	1.091538485085032e+01
	1.111003934793759e+01
	-1.286754076786621e+00

 112	1.001122800000982e-05
	1.083314078894105e+01
	1.117067385986382e+01
	-1.266595121183074e+00

 113	1.001132800000982e-05
	1.075091926713863e+01
	1.123128972807345e+01
	-1.244170360865452e+00

 114	1.001142800000982e-05
	1.066914227098672e+01
	1.129125296540525e+01
	-1.219573062814288e+00

 115	1.001152800000982e-05
	1.058829144244691e+01
	1.134990056045390e+01
	-1.192922548956806e+00

 116	1.001162800000982e-05
	1.050889506764336e+01
	1.140656643982489e+01
	-1.164362645062692e+00

 117	1.001172800000982e-05
	1.043150665639872e+01
	1.146061845984525e+01
	-1.134057716951594e+00

 118	1.001182800000982e-05
	1.035667672273652e+01
	1.151150265348461e+01
	-1.102186324232170e+00

 119	1.001192800000982e-05
	1.028492218444071e+01
	1.155878661080035e+01
	-1.068933257575758e+00

 120	1.001202800000982e-05
	1.021669958546076e+01
	1.160219143311463e+01
	-1.034481383003953e+00

 121	1.001212800000982e-05
	1.015238758021303e+01
	1.164160345905959e+01
	-9.990048893830972e-01

 122	1.001222800000982e-05
	1.009228079237394e+01
	1.167706296072805e+01
	-9.626650432124939e-01

 123	1.001232800000982e-05
	1.003659317319724e+01
	1.170873435010245e+01
	-9.256086471372700e-01

 124	1.001242800000982e-05
	9.985466659359664e+00
	1.173686724778750e+01
	-8.879685827942903e-01

 125	1.001252800000982e-05
	9.938981102856097e+00
	1.176175811456152e+01
	-8.498654632643179e-01

 126	1.001262800000983e-05
	9.897163149566580e+00
	1.178371902641229e+01
	-8.114095347786334e-01

 127	1.001272800000983e-05
	9.859993479561673e+00
	1.180305605870095e+01
	-7.727023135313948e-01

 128	1.001282800000983e-05
	9.827412768110300e+00
	1.182005661004101e+01
	-7.338377779683101e-01

 129	1.001292800000983e-05
	9.799326909760902e+00
	1.183498349122963e+01
	-6.949031444834328e-01

 130	1.001302800000983e-05
	9.775611862899487e+00
	1.184807339685971e+01
	-6.559793360135642e-01

 131	1.001312800000983e-05
	9.756118245173568e+00
	1.185953783366050e+01
	-6.171412574265849e-01

 132	1.001322800000983e-05
	9.740675673762670e+00
	1.186956520084999e+01
	-5.784579651656119e-01

 133	1.001332800000983e-05
	9.729096800427683e+00
	1.187832324872416e+01
	-5.399927883401581e-01

 134	1.001342800000983e-05
	9.721180998885499e+00
	1.188596150984880e+01
	-5.018034348245564e-01

 135	1.001352800000983e-05
	9.716717686125310e+00
	1.189261352004344e+01
	-4.639421004315838e-01

 136	1.001362800000983e-05
	9.715489281525800e+00
	1.189839876745089e+01
	-4.264555900829978e-01

 137	1.001372800000983e-05
	9.717273822380649e+00
	1.190342436731196e+01
	-3.893854548577051e-01

 138	1.001382800000983e-05
	9.721847262077153e+00
	1.190778648553369e+01
	-3.527681461410423e-01

 139	1.001392800000983e-05
	9.728985183872798e+00
	1.191157186607209e+01
	-3.166351290454603e-01

 140	1.001402800000983e-05
	9.738463232609751e+00
	1.191486038200008e+01
	-2.810127806817213e-01

 141	1.001412800000983e-05
	9.750060517062519e+00
	1.191772417035593e+01
	-2.459228050707509e-01

 142	1.001422800000983e-05
	9.763561224492591e+00
	1.192022701777804e+01
	-2.113826333358368e-01

 143	1.001432800000983e-05
	9.778755561095517e+00
	1.192242519985635e+01
	-1.774056707039020e-01

 144	1.001442800000983e-05
	9.795440628355648e+00
	1.192436816156517e+01
	-1.440015572079287e-01

 145	1.001452800000983e-05
	9.813421273506238e+00
	1.192609922205058e+01
	-1.111764273400488e-01

 146	1.001462800000983e-05
	9.832510744579729e+00
	1.192765616236973e+01
	-7.893317251852650e-02

 147	1.001472800000983e-05
	9.852531230132469e+00
	1.192907179141859e+01
	-4.727169939149012e-02

 148	1.001482800000983e-05
	9.873314249871850e+00
	1.193037444108414e+01
	-1.618918539523895e-02

 149	1.001492800000983e-05
	9.894700938044060e+00
	1.193158843005649e+01
	1.431967178167248e-02

 150	1.001502800000983e-05
	9.916542214526475e+00
	1.193273447994400e+01
	4.426241092845640e-02

 151	1.001512800000983e-05
	9.938698866578358e+00
	1.193383010030987e+01
	7.364857201567920e-02

 152	1.001522800000983e-05
	9.961041545376526e+00
	1.193488993799592e+01
	1.024894693620824e-01

 153	1.001532800000983e-05
	9.983450691806539e+00
	1.193592609827318e+01
	1.307979742717547e-01

 154	1.001542800000983e-05
	1.000581639827955e+01
	1.193694843726702e+01
	1.585883075916923e-01

 155	1.001552800000983e-05
	1.002803821690244e+01
	1.193796482952967e+01
	1.858758427445582e-01

 156	1.001562800000983e-05
	1.005002492098914e+01
	1.193898141153497e+01
	2.126769195149196e-01

 157	1.001572800000983e-05
	1.007169422787719e+01
	1.194000280343849e+01
	2.390086688362365e-01

 158	1.001582800000983e-05
	1.009297248938349e+01
	1.194103231024219e+01
	2.648888486648611e-01

 159	1.001592800000983e-05
	1.011379435625305e+01
	1.194207210403188e+01
	2.903356909613246e-01

 160	1.001602800000983e-05
	1.013410242200704e+01
	1.194312338847056e+01
	3.153677596934783e-01

 161	1.001612800000983e-05
	1.015384685128362e+01
	1.194418654688703e+01
	3.400038197107615e-01

 162	1.001622800000983e-05
	1.017298499710726e+01
	1.194526127508751e+01
	3.642627162657401e-01

 163	1.001632800000983e-05
	1.019148101111753e+01
	1.194634670004217e+01
	3.881632649062488e-01

 164	1.001642800000983e-05
	1.020930545027402e+01
	1.194744148549033e+01
	4.117241514112975e-01

 165	1.001652800000983e-05
	1.022643488315159e+01
	1.194854392548616e+01
	4.349638414060311e-01

 166	1.001662800000983e-05
	1.024285149851841e+01
	1.194965202683717e+01
	4.579004992587561e-01

 167	1.001672800000983e-05
	1.025854271852694e+01
	1.195076358134975e+01
	4.805519158391696e-01

 168	1.001682800000983e-05
	1.027350081850068e+01
	1.195187622874027e+01
	5.029354446987142e-01

 169	1.001692800000983e-05
	1.028772255499456e+01
	1.195298751102658e+01
	5.250679462219128e-01

 170	1.001702800000983e-05
	1.030120880352636e+01
	1.195409491916447e+01
	5.469657392901262e-01

 171	1.001712800000984e-05
	1.031396420713184e+01
	1.195519593264764e+01
	5.686445599962520e-01

 172	1.001722800000984e-05
	1.032599683667876e+01
	1.195628805274204e+01
	5.901195269494370e-01

 173	1.001732800000984e-05
	1.033731786368739e+01
	1.195736882997906e+01
	6.114051127125271e-01

 174	1.001742800000984e-05
	1.034794124624297e+01
	1.195843588648616e+01
	6.325151209209745e-01

 175	1.001752800000984e-05
	1.035788342844896e+01
	1.195948693368781e+01
	6.534626686398333e-01

 176	1.001762800000984e-05
	1.036716305375398e+01
	1.196051978586480e+01
	6.742601735247939e-01

 177	1.001772800000984e-05
	1.037580069239057e+01
	1.196153237001538e+01
	6.949193453634155e-01

 178	1.001782800000984e-05
	1.038381858308562e+01
	1.196252273241680e+01
	7.154511815833704e-01

 179	1.001792800000984e-05
	1.039124038914065e+01
	1.196348904224009e+01
	7.358659663251170e-01

 180	1.001802800000984e-05
	1.039809096610731e+01
	1.196442959587761e+01
	7.561732732884958e-01

 181	1.001812800000984e-05
	1.040439581139318e+01
	1.196534321485780e+01
	7.763820426111154e-01

 182	1.001822800000984e-05
	1.041018056469124e+01
	1.196622970236126e+01
	7.965006898311371e-01

 183	1.001832800000984e-05
	1.041547136768726e+01
	1.196708916126495e+01
	8.165370459554913e-01

 184	1.001842800000984e-05
	1.042029460128641e+01
	1.196792173446335e+01
	8.364983535563497e-01

 185	1.001852800000984e-05
	1.042467673203503e+01
	1.196872763341311e+01
	8.563912878169275e-01

 186	1.001862800000984e-05
	1.042864412194660e+01
	1.196950709779695e+01
	8.762219746829194e-01

 187	1.001872800000984e-05
	1.043222291623216e+01
	1.197026040013630e+01
	8.959960110033913e-01

 188	1.001882800000984e-05
	1.043543892060392e+01
	1.197098782089836e+01
	9.157184835400916e-01

 189	1.001892800000984e-05
	1.043831751365131e+01
	1.197168963277427e+01
	9.353939878138102e-01

 190	1.001902800000984e-05
	1.044088356949981e+01
	1.197236606294456e+01
	9.550266445549735e-01

 191	1.001912800000984e-05
	1.044316141258471e+01
	1.197301723753471e+01
	9.746201122451348e-01

 192	1.001922800000984e-05
	1.044517480650684e+01
	1.197364308055772e+01
	9.941775917654012e-01

 193	1.001932800000984e-05
	1.044694700317155e+01
	1.197424313889820e+01
	1.013701816992172e+00

 194	1.001942800000984e-05
	1.044850088623363e+01
	1.197481627047732e+01
	1.033195019997362e+00

 195	1.001952800000984e-05
	1.044985927729845e+01
	1.197536009132386e+01
	1.052658851093820e+00

 196	1.001962800000984e-05
	1.045104552190447e+01
	1.197586999270872e+01
	1.072094218642685e+00

 197	1.001972800000984e-05
	1.045208456452025e+01
	1.197633739788717e+01
	1.091500986883015e+00

 198	1.001982800000984e-05
	1.045300487767609e+01
	1.197674667768452e+01
	1.110877423431060e+00

 199	1.001992800000984e-05
	1.045384187899511e+01
	1.197706971733842e+01
	1.130219208043679e+00

 200	1.002002800000984e-05
	1.045464391428037e+01
	1.197725641236925e+01
	1.149517679744897e+00

 201	1.002012800000984e-05
	1.045548258392908e+01
	1.197721823327904e+01
	1.168756783136817e+00

 202	1.002022800000984e-05
	1.045647016966935e+01
	1.197680035260434e+01
	1.187907855562315e+00

 203	1.002032800000984e-05
	1.045778793206605e+01
	1.197573595336124e+01
	1.206921011885170e+00

 204	1.002042800000984e-05
	1.045972896034422e+01
	1.197357576808826e+01
	1.225711679874536e+00

 205	1.002052800000984e-05
	1.046275481852956e+01
	1.196959131497048e+01
	1.244141601782145e+00

 206	1.002062800000984e-05
	1.046755022436492e+01
	1.196267146913260e+01
	1.261997024429065e+00

 207	1.002072800000984e-05
	1.047503041316182e+01
	1.195127842432801e+01
	1.278974575934921e+00

 208	1.002082800000984e-05
	1.048623143559560e+01
	1.193358121039751e+01
	1.294694464214591e+00

 209	1.002092800000984e-05
	1.050205727824399e+01
	1.190785584783291e+01
	1.308756915842446e+00

 210	1.002102800000984e-05
	1.052299997872826e+01
	1.187304724049828e+01
	1.320827395280580e+00

 211	1.002112800000984e-05
	1.054904223500395e+01
	1.182916455482592e+01
	1.330701252471626e+00

 212	1.002122800000984e-05
	1.057981565854725e+01
	1.177723232226566e+01
	1.338307062317230e+00

 213	1.002132800000984e-05
	1.061486111318637e+01
	1.171884991114858e+01
	1.343657446013725e+00

 214	1.002142800000984e-05
	1.065379932158190e+01
	1.165566517081836e+01
	1.346789474869856e+00

 215	1.002152800000984e-05
	1.069635865548156e+01
	1.158902740695869e+01
	1.347726931764853e+00

 216	1.002162800000984e-05
	1.074232415189232e+01
	1.151988181035261e+01
	1.346469242316976e+00

 217	1.002172800000985e-05
	1.079148125307930e+01
	1.144882144241107e+01
	1.342996076505579e+00

 218	1.002182800000985e-05
	1.084358337206879e+01
	1.137619372399622e+01
	1.337276656382737e+00

 219	1.002192800000985e-05
	1.089833993024593e+01
	1.130220185892694e+01
	1.329278414549010e+00

 220	1.002202800000985e-05
	1.095541401099350e+01
	1.122698155818632e+01
	1.318973672570499e+00

 221	1.002212800000985e-05
	1.101442228979160e+01
	1.115065298272042e+01
	1.306344600706504e+00

 222	1.002222800000985e-05
	1.107493418159935e+01
	1.107335392257134e+01
	1.291387056885083e+00

 223	1.002232800000985e-05
	1.113646979341155e+01
	1.099526052240607e+01
	1.274113801290967e+00

 224	1.002242800000985e-05
	1.119849772329826e+01
	1.091660021714452e+01
	1.254557361713110e+00

 225	1.002252800000985e-05
	1.126043466684484e+01
	1.083765953977860e+01
	1.232772580856428e+00

 226	1.002262800000985e-05
	1.132164949218851e+01
	1.075878767769695e+01
	1.208838636156893e+00

 227	1.002272800000985e-05
	1.138147487736175e+01
	1.068039529265762e+01
	1.182860105475276e+00

 228	1.002282800000985e-05
	1.143922936744808e+01
	1.060294735216154e+01
	1.154966508709200e+00

 229	1.002292800000985e-05
	1.149425118590475e+01
	1.052694880406445e+01
	1.125309777692877e+00

 230	1.002302800000985e-05
	1.154594190320949e+01
	1.045292309296171e+01
	1.094059394453438e+00

 231	1.002312800000985e-05
	1.159381360867334e+01
	1.038138562247356e+01
	1.061395507054886e+00

 232	1.002322800000985e-05
	1.163752941565279e+01
	1.031281646268488e+01
	1.027501014216063e+00

 233	1.002332800000985e-05
	1.167692658549163e+01
	1.024763753192779e+01
	9.925540625558344e-01

 234	1.002342800000985e-05
	1.171201573209736e+01
	1.018619823135919e+01
	9.567223138174485e-01

 235	1.002352800000985e-05
	1.174295700224018e+01
	1.012877056373820e+01
	9.201597059168463e-01

 236	1.002362800000985e-05
	1.177002100392788e+01
	1.007555182110809e+01
	8.830055962339276e-01

 237	1.002372800000985e-05
	1.179354520702059e+01
	1.002667151874426e+01
	8.453855738315104e-01

 238	1.002382800000985e-05
	1.181389497569868e+01
	9.982199625050821e+00
	8.074130678504521e-01

 239	1.002392800000985e-05
	1.183143428315898e+01
	9.942154408294082e+00
	7.691910698605966e-01

 240	1.002402800000985e-05
	1.184650704981675e+01
	9.906509386451161e+00
	7.308136010054385e-01

 241	1.002412800000985e-05
	1.185942742890041e+01
	9.875199476716560e+00
	6.923668143429635e-01

 242	1.002422800000985e-05
	1.187047640821378e+01
	9.848126575383038e+00
	6.539297683916572e-01

 243	1.002432800000985e-05
	1.187990225049488e+01
	9.825164716878280e+00
	6.155749585827346e-01

 244	1.002442800000985e-05
	1.188792291554443e+01
	9.806164855315656e+00
	5.773686915166989e-01

 245	1.002452800000985e-05
	1.189472926962364e+01
	9.790959255259958e+00
	5.393713662748660e-01

 246	1.002462800000985e-05
	1.190048840635232e+01
	9.779365468824045e+00
	5.016377053081615e-01

 247	1.002472800000985e-05
	1.190534674635366e+01
	9.771189890284765e+00
	4.642169608364224e-01

 248	1.002482800000985e-05
	1.190943278376124e+01
	9.766230898176975e+00
	4.271531117603862e-01

 249	1.002492800000985e-05
	1.191285945339853e+01
	9.764281609254176e+00
	3.904850594448814e-01

 250	1.002502800000985e-05
	1.191572614173103e+01
	9.765132276767865e+00
	3.542468268583785e-01

 251	1.002512800000985e-05
	1.191812038360296e+01
	9.768572368344017e+00
	3.184677633222908e-01

 252	1.002522800000985e-05
	1.192011929583560e+01
	9.774392355023211e+00
	2.831727550774956e-01

 253	1.002532800000985e-05
	1.192179158283738e+01
	9.782384753236233e+00
	2.483823261248068e-01

 254	1.002542800000985e-05
	1.192319909454493e+01
	9.792345190260299e+00
	2.141127477168616e-01

 255	1.002552800000985e-05
	1.192439565238086e+01
	9.804074665209168e+00
	1.803764886675971e-01

 256	1.002562800000985e-05
	1.192542735690693e+01
	9.817380362067727e+00
	1.471825181983746e-01

 257	1.002572800000985e-05
	1.192633357367355e+01
	9.832076410269083e+00
	1.145365522675887e-01

 258	1.002582800000985e-05
	1.192714764064290e+01
	9.847984504489972e+00
	8.244130991671628e-02

 259	1.002592800000985e-05
	1.192789761678494e+01
	9.864934456186429e+00
	5.089675977841135e-02

 260	1.002602800000985e-05
	1.192860688199441e+01
	9.882764583462642e+00
	1.990036418603736e-02

 261	1.002612800000985e-05
	1.192929471787587e+01
	9.901322009369437e+00
	-1.055268572859447e-02

 262	1.002622800000985e-05
	1.192997680147245e+01
	9.920462842111796e+00
	-4.046924157349308e-02

 263	1.002632800000986e-05
	1.193066566467926e+01
	9.940052273511078e+00
	-6.985797859251064e-02

 264	1.002642800000986e-05
	1.193137109606603e+01
	9.959964591565281e+00
	-9.872918531939545e-02

 265	1.002652800000986e-05
	1.193210050746120e+01
	9.980083126992813e+00
	-1.270945632000933e-01

 266	1.002662800000986e-05
	1.193285925848297e+01
	1.000030013715843e+01
	-1.549670361079909e-01

 267	1.002672800000986e-05
	1.193365094928850e+01
	1.002051663970607e+01
	-1.823605702782021e-01

 268	1.002682800000986e-05
	1.193447768061524e+01
	1.004064220138239e+01
	-2.092900046590469e-01

 269	1.002692800000986e-05
	1.193534028647823e+01
	1.006059469059898e+01
	-2.357708918461119e-01

 270	1.002702800000986e-05
	1.193623854055225e+01
	1.008029999927244e+01
	-2.618193495252885e-01

 271	1.002712800000986e-05
	1.193717133951157e+01
	1.009969174031112e+01
	-2.874519223706187e-01

 272	1.002722800000986e-05
	1.193813686487961e+01
	1.011871092563988e+01
	-3.126854542202409e-01

 273	1.002732800000986e-05
	1.193913272568623e+01
	1.013730562966358e+01
	-3.375369703298667e-01

 274	1.002742800000986e-05
	1.194015608350798e+01
	1.015543064222215e+01
	-3.620235694330629e-01

 275	1.002752800000986e-05
	1.194120376166607e+01
	1.017304711482608e+01
	-3.861623253076343e-01

 276	1.002762800000986e-05
	1.194227234001870e+01
	1.019012220339351e+01
	-4.099701975050563e-01

 277	1.002772800000986e-05
	1.194335823679159e+01
	1.020662871038199e+01
	-4.334639508758944e-01

 278	1.002782800000986e-05
	1.194445777870351e+01
	1.022254472878549e+01
	-4.566600834992800e-01

 279	1.002792800000986e-05
	1.194556726058782e+01
	1.023785329015427e+01
	-4.795747626093603e-01

 280	1.002802800000986e-05
	1.194668299558729e+01
	1.025254201846556e+01
	-5.022237680989654e-01

 281	1.002812800000986e-05
	1.194780135692647e+01
	1.026660279140253e+01
	-5.246224431740212e-01

 282	1.002822800000986e-05
	1.194891881217217e+01
	1.028003141034008e+01
	-5.467856517284391e-01

 283	1.002832800000986e-05
	1.195003195081909e+01
	1.029282728011536e+01
	-5.687277420093118e-01

 284	1.002842800000986e-05
	1.195113750596013e+01
	1.030499309946038e+01
	-5.904625161448698e-01

 285	1.002852800000986e-05
	1.195223237073272e+01
	1.031653456280173e+01
	-6.120032051128210e-01

 286	1.002862800000986e-05
	1.195331361016553e+01
	1.032746007398054e+01
	-6.333624487336351e-01

 287	1.002872800000986e-05
	1.195437846898839e+01
	1.033778047231668e+01
	-6.545522802819379e-01

 288	1.002882800000986e-05
	1.195542437590859e+01
	1.034750877132916e+01
	-6.755841153188020e-01

 289	1.002892800000986e-05
	1.195644894480102e+01
	1.035665991033106e+01
	-6.964687443580926e-01

 290	1.002902800000986e-05
	1.195744997320483e+01
	1.036525051903887e+01
	-7.172163289907745e-01

 291	1.002912800000986e-05
	1.195842543846532e+01
	1.037329869527124e+01
	-7.378364011017420e-01

 292	1.002922800000986e-05
	1.195937369315707e+01
	1.038082368145763e+01
	-7.583378941653542e-01

 293	1.002932800000986e-05
	1.196029411365438e+01
	1.038784531383671e+01
	-7.787292522836182e-01

 294	1.002942800000986e-05
	1.196118656033077e+01
	1.039438415046926e+01
	-7.990184023303408e-01

 295	1.002952800000986e-05
	1.196205099220413e+01
	1.040046130277207e+01
	-8.192127404536449e-01

 296	1.002962800000986e-05
	1.196288747784959e+01
	1.040609827276025e+01
	-8.393191480926345e-01

 297	1.002972800000986e-05
	1.196369615717144e+01
	1.041131678021971e+01
	-8.593440075853513e-01

 298	1.002982800000986e-05
	1.196447724084956e+01
	1.041613863743814e+01
	-8.792932191355372e-01

 299	1.002992800000986e-05
	1.196523098615363e+01
	1.042058562503274e+01
	-8.991722173686936e-01

 300	1.003002800000986e-05
	1.196595768282738e+01
	1.042467939121011e+01
	-9.189859881613696e-01

 301	1.003012800000986e-05
	1.196665762403979e+01
	1.042844136057132e+01
	-9.387390844488612e-01

 302	1.003022800000986e-05
	1.196733106930565e+01
	1.043189266298962e+01
	-9.584356403359768e-01

 303	1.003032800000986e-05
	1.196797818140060e+01
	1.043505408182279e+01
	-9.780793815298725e-01

 304	1.003042800000986e-05
	1.196859892385346e+01
	1.043794603251952e+01
	-9.976736292672066e-01

 305	1.003052800000986e-05
	1.196919288492131e+01
	1.044058858430829e+01
	-1.017221292570685e+00

 306	1.003062800000986e-05
	1.196975897495474e+01
	1.044300155168678e+01
	-1.036724840095361e+00

 307	1.003072800000986e-05
	1.197029490086015e+01
	1.044520470015273e+01
	-1.056186236292604e+00

 308	1.003082800000987e-05
	1.197079625243317e+01
	1.044721814531012e+01
	-1.075606815448944e+00

 309	1.003092800000987e-05
	1.197125491267011e+01
	1.044906308202755e+01
	-1.094987047724742e+00

 310	1.003102800000987e-05
	1.197165629588472e+01
	1.045076308030937e+01
	-1.114326117985593e+00

 311	1.003112800000987e-05
	1.197197456327777e+01
	1.045234635285557e+01
	-1.133621181526900e+00

 312	1.003122800000987e-05
	1.197216437877844e+01
	1.045384967817330e+01
	-1.152866066264246e+00

 313	1.003132800000987e-05
	1.197214683095764e+01
	1.045532510552642e+01
	-1.172049038587232e+00

 314	1.003142800000987e-05
	1.197178576022964e+01
	1.045685121571541e+01
	-1.191149019966437e+00

 315	1.003152800000987e-05
	1.197084899867882e+01
	1.045855149803857e+01
	-1.210129339156343e+00

 316	1.003162800000987e-05
	1.196894782542584e+01
	1.046062287385324e+01
	-1.228927840599785e+00

 317	1.003172800000987e-05
	1.196545022548703e+01
	1.046337607047046e+01
	-1.247442347704061e+00

 318	1.003182800000987e-05
	1.195937636727296e+01
	1.046728304731040e+01
	-1.265512097243929e+00

 319	1.003192800000987e-05
	1.194931853024564e+01
	1.047301051319259e+01
	-1.282900362654077e+00

 320	1.003202800000987e-05
	1.193348136801221e+01
	1.048139546403361e+01
	-1.299291159483598e+00

 321	1.003212800000987e-05
	1.190996144217172e+01
	1.049331644600619e+01
	-1.314317099497522e+00

 322	1.003222800000987e-05
	1.187727520239001e+01
	1.050947820922076e+01
	-1.327622277293812e+00

 323	1.003232800000987e-05
	1.183490099318553e+01
	1.053023313376942e+01
	-1.338932913276013e+00

 324	1.003242800000987e-05
	1.178347528009733e+01
	1.055557117621838e+01
	-1.348092127692923e+00

 325	1.003252800000987e-05
	1.172449980324461e+01
	1.058526753014559e+01
	-1.355041338222798e+00

 326	1.003262800000987e-05
	1.165977556075518e+01
	1.061905245279929e+01
	-1.359771817179939e+00

 327	1.003272800000987e-05
	1.159090985687330e+01
	1.065669626682425e+01
	-1.362281817406302e+00

 328	1.003282800000987e-05
	1.151908553843782e+01
	1.069800662497737e+01
	-1.362556301683220e+00

 329	1.003292800000987e-05
	1.144506329646028e+01
	1.074279120502113e+01
	-1.360565503827123e+00

 330	1.003302800000987e-05
	1.136929358582396e+01
	1.079082718716892e+01
	-1.356271679215089e+00

 331	1.003312800000987e-05
	1.129204098232717e+01
	1.084184769047054e+01
	-1.349636789792281e+00

 332	1.003322800000987e-05
	1.121348063351722e+01
	1.089553901452471e+01
	-1.340628623513981e+00

 333	1.003332800000987e-05
	1.113376214876430e+01
	1.095154122006644e+01
	-1.329225306528329e+00

 334	1.003342800000987e-05
	1.105304883051891e+01
	1.100944809784195e+01
	-1.315418812408389e+00

 335	1.003352800000987e-05
	1.097154126422656e+01
	1.106880558944081e+01
	-1.299217997294789e+00

 336	1.003362800000987e-05
	1.088949175893089e+01
	1.112910946225134e+01
	-1.280651437802778e+00

 337	1.003372800000987e-05
	1.080721316721702e+01
	1.118980403441983e+01
	-1.259770084257163e+00

 338	1.003382800000987e-05
	1.072508318206093e+01
	1.125028444564563e+01
	-1.236649493219664e+00

 339	1.003392800000987e-05
	1.064354349018814e+01
	1.130990545852145e+01
	-1.211391178194661e+00

 340	1.003402800000987e-05
	1.056309223527617e+01
	1.136799974570651e+01
	-1.184122457209693e+00

 341	1.003412800000987e-05
	1.048426834204415e+01
	1.142390747265036e+01
	-1.154994175053303e+00

 342	1.003422800000987e-05
	1.040762764638007e+01
	1.147701619663871e+01
	-1.124175953469405e+00

 343	1.003432800000987e-05
	1.033371332682216e+01
	1.152680589621962e+01
	-1.091849216349831e+00

 344	1.003442800000987e-05
	1.026302581570561e+01
	1.157288990473008e+01
	-1.058198991511900e+00

 345	1.003452800000987e-05
	1.019599847026485e+01
	1.161504122525844e+01
	-1.023406035396980e+00

 346	1.003462800000987e-05
	1.013298361245731e+01
	1.165319694419787e+01
	-9.876407904470703e-01

 347	1.003472800000987e-05
	1.007424974274167e+01
	1.168744030328217e+01
	-9.510600157335747e-01

 348	1.003482800000987e-05
	1.001998705982721e+01
	1.171796691066603e+01
	-9.138059966331744e-01

 349	1.003492800000987e-05
	9.970316889012398e+00
	1.174504503989216e+01
	-8.760075447498692e-01

 350	1.003502800000987e-05
	9.925301438332568e+00
	1.176897900022916e+01
	-8.377818073380661e-01

 351	1.003512800000987e-05
	9.884952161243888e+00
	1.179008085265420e+01
	-7.992361232976035e-01

 352	1.003522800000987e-05
	9.849236534489275e+00
	1.180865178625406e+01
	-7.604695266167065e-01

 353	1.003532800000987e-05
	9.818083733601224e+00
	1.182497183818766e+01
	-7.215737984028063e-01

 354	1.003542800000988e-05
	9.791389710720928e+00
	1.183929560661205e+01
	-6.826341327540346e-01

 355	1.003552800000988e-05
	9.769021955204051e+00
	1.185185167476087e+01
	-6.437295331570962e-01

 356	1.003562800000988e-05
	9.750824012887167e+00
	1.186284401490426e+01
	-6.049330466254901e-01

 357	1.003572800000988e-05
	9.736619735866968e+00
	1.187245425066197e+01
	-5.663119131614214e-01

 358	1.003582800000988e-05
	9.726217211537660e+00
	1.188084413767299e+01
	-5.279276793859569e-01

 359	1.003592800000988e-05
	9.719412335432196e+00
	1.188815794093839e+01
	-4.898363041939930e-01

 360	1.003602800000988e-05
	9.715992017142398e+00
	1.189452457306107e+01
	-4.520882710467808e-01

 361	1.003612800000988e-05
	9.715737028683940e+00
	1.190005945546242e+01
	-4.147287138871931e-01

 362	1.003622800000988e-05
	9.718424516995249e+00
	1.190486611088543e+01
	-3.777975595271941e-01

 363	1.003632800000988e-05
	9.723830205989449e+00
	1.190903751651372e+01
	-3.413296867893800e-01

 364	1.003642800000988e-05
	9.731729584317293e+00
	1.191265805176746e+01
	-3.053549588566882e-01

 365	1.003652800000988e-05
	9.741898970265805e+00
	1.191580535973422e+01
	-2.698982174198654e-01

 366	1.003662800000988e-05
	9.754119012384759e+00
	1.191854891530748e+01
	-2.349797892058152e-01

 367	1.003672800000988e-05
	9.768175678136624e+00
	1.192095002990414e+01
	-2.006158114301730e-01

 368	1.003682800000988e-05
	9.783861260256032e+00
	1.192306276590355e+01
	-1.668184738508891e-01

 369	1.003692800000988e-05
	9.800975211678146e+00
	1.192493455951133e+01
	-1.335962842744050e-01

 370	1.003702800000988e-05
	9.819324965690507e+00
	1.192660692766863e+01
	-1.009543269083168e-01

 371	1.003712800000988e-05
	9.838726533805168e+00
	1.192811602413342e+01
	-6.889452512399474e-02

 372	1.003722800000988e-05
	9.859005009454979e+00
	1.192949319720739e+01
	-3.741589822680425e-02

 373	1.003732800000988e-05
	9.879994915688352e+00
	1.193076546543581e+01
	-6.514815743988267e-03

 374	1.003742800000988e-05
	9.901540456641568e+00
	1.193195597147677e+01
	2.381475523916832e-02

 375	1.003752800000988e-05
	9.923495656259512e+00
	1.193308438465413e+01
	5.358100903045182e-02

 376	1.003762800000988e-05
	9.945724413896679e+00
	1.193416727649240e+01
	8.279406872033879e-02

 377	1.003772800000988e-05
	9.968100476355374e+00
	1.193521845962123e+01
	1.114657621925748e-01

 378	1.003782800000988e-05
	9.990507343246270e+00
	1.193624930040535e+01
	1.396094078686079e-01

 379	1.003792800000988e-05
	1.001283811056140e+01
	1.193726900285587e+01
	1.672396104982279e-01

 380	1.003802800000988e-05
	1.003499526358041e+01
	1.193828486871043e+01
	1.943720675647176e-01

 381	1.003812800000988e-05
	1.005689042526281e+01
	1.193930253373211e+01
	2.210233865108904e-01

 382	1.003822800000988e-05
	1.007844406827342e+01
	1.194032618292522e+01
	2.472109130178877e-01

 383	1.003832800000988e-05
	1.009958519654899e+01
	1.194135874552363e+01
	2.729525703792428e-01

 384	1.003842800000988e-05
	1.012025100272141e+01
	1.194240207153653e+01
	2.982667099690535e-01

 385	1.003852800000988e-05
	1.014038650654138e+01
	1.194345709091802e+01
	3.231719726893874e-01

 386	1.003862800000988e-05
	1.015994417928431e+01
	1.194452395673199e+01
	3.476871612267114e-01

 387	1.003872800000988e-05
	1.017888355838370e+01
	1.194560217338659e+01
	3.718311228730877e-01

 388	1.003882800000988e-05
	1.019717085619423e+01
	1.194669071109199e+01
	3.956226426203491e-01

 389	1.003892800000988e-05
	1.021477856624954e+01
	1.194778810755630e+01
	4.190803461866008e-01

 390	1.003902800000988e-05
	1.023168507000557e+01
	1.194889255793220e+01
	4.422226125999678e-01

 391	1.003912800000988e-05
	1.024787424663667e+01
	1.195000199394690e+01
	4.650674959339722e-01

 392	1.003922800000988e-05
	1.026333508810646e+01
	1.195111415311654e+01
	4.876326557675026e-01

 393	1.003932800000988e-05
	1.027806132139401e+01
	1.195222663888702e+01
	5.099352959257912e-01

 394	1.003942800000988e-05
	1.029205103946302e+01
	1.195333697250202e+01
	5.319921110484800e-01

 395	1.003952800000988e-05
	1.030530634228993e+01
	1.195444263734692e+01
	5.538192405248283e-01

 396	1.003962800000988e-05
	1.031783298903266e+01
	1.195554111647299e+01
	5.754322293344249e-01

 397	1.003972800000988e-05
	1.032964006221263e+01
	1.195662992395749e+01
	5.968459953333192e-01

 398	1.003982800000988e-05
	1.034073964460410e+01
	1.195770663071008e+01
	6.180748025299403e-01

 399	1.003992800000989e-05
	1.035114650937063e+01
	1.195876888528932e+01
	6.391322399018533e-01

 400	1.004002800000989e-05
	1.036087782385847e+01
	1.195981443024810e+01
	6.600312053127972e-01

 401	1.004012800000989e-05
	1.036995286734832e+01
	1.196084111448201e+01
	6.807838940990658e-01

 402	1.004022800000989e-05
	1.037839276297673e+01
	1.196184690200988e+01
	7.014017919047508e-01

 403	1.004032800000989e-05
	1.038622022396622e+01
	1.196282987757107e+01
	7.218956713560216e-01

 404	1.004042800000989e-05
	1.039345931424560e+01
	1.196378824937734e+01
	7.422755921750959e-01

 405	1.004052800000989e-05
	1.040013519137107e+01
	1.196472038746548e+01
	7.625509111934745e-01

 406	1.004062800000989e-05
	1.040627337157785e+01
	1.196562545495483e+01
	7.827304036799063e-01

 407	1.004072800000989e-05
	1.041189965477735e+01
	1.196650341360951e+01
	8.028223057036059e-01

 408	1.004082800000989e-05
	1.041704028033043e+01
	1.196735438177079e+01
	8.228342611113231e-01

 409	1.004092800000989e-05
	1.042172167716333e+01
	1.196817852636776e+01
	8.427733316280746e-01

 410	1.004102800000989e-05
	1.042597029369368e+01
	1.196897606836152e+01
	8.626460172711008e-01

 411	1.004112800000989e-05
	1.042981243718584e+01
	1.196974725955307e+01
	8.824582751840038e-01

 412	1.004122800000989e-05
	1.043327415688592e+01
	1.197049237657804e+01
	9.022155394130609e-01

 413	1.004132800000989e-05
	1.043638113332199e+01
	1.197121170036646e+01
	9.219227400009458e-01

 414	1.004142800000989e-05
	1.043915859291303e+01
	1.197190549372064e+01
	9.415843212203026e-01

 415	1.004152800000989e-05
	1.044163124026747e+01
	1.197257395976245e+01
	9.612042570886592e-01

 416	1.004162800000989e-05
	1.044382322191868e+01
	1.197321717441842e+01
	9.807860619059716e-01

 417	1.004172800000989e-05
	1.044575813146666e+01
	1.197383496675874e+01
	1.000332791342896e+00

 418	1.004182800000989e-05
	1.044745908327151e+01
	1.197442670893369e+01
	1.019847026555347e+00

 419	1.004192800000989e-05
	1.044894889816454e+01
	1.197499094283707e+01
	1.039330827852033e+00

 420	1.004202800000989e-05
	1.045025048172411e+01
	1.197552471718145e+01
	1.058785634213442e+00

 421	1.004212800000989e-05
	1.045138753607954e+01
	1.197602240993767e+01
	1.078212066737426e+00

 422	1.004222800000989e-05
	1.045238585463324e+01
	1.197647364094746e+01
	1.097609562244055e+00

 423	1.004232800000989e-05
	1.045327563484418e+01
	1.197685958308164e+01
	1.116975707911288e+00

 424	1.004242800000989e-05
	1.045409556010610e+01
	1.197714647630760e+01
	1.136305053233248e+00

 425	1.004252800000989e-05
	1.045489991839396e+01
	1.197727431611543e+01
	1.155587018440793e+00

 426	1.004262800000989e-05
	1.045577081609956e+01
	1.197713739110021e+01
	1.174802270971502e+00

 427	1.004272800000989e-05
	1.045683858713996e+01
	1.197655156246371e+01
	1.193916592163879e+00

 428	1.004282800000989e-05
	1.045831435604925e+01
	1.197520144850434e+01
	1.212870884817497e+00

 429	1.004292800000989e-05
	1.046053774625596e+01
	1.197256127002595e+01
	1.231565950539032e+00

 430	1.004302800000989e-05
	1.046403573656065e+01
	1.196779220540270e+01
	1.249842037989251e+00

 431	1.004312800000989e-05
	1.046956899192407e+01
	1.195964771109453e+01
	1.267457838966778e+00

 432	1.004322800000989e-05
	1.047810989508421e+01
	1.194647128574096e+01
	1.284082585171660e+00

 433	1.004332800000989e-05
	1.049068533357948e+01
	1.192641020528461e+01
	1.299322047133913e+00

 434	1.004342800000989e-05
	1.050809503212606e+01
	1.189789079588058e+01
	1.312787627633867e+00

 435	1.004352800000989e-05
	1.053066802951220e+01
	1.186016855245285e+01
	1.324181212567374e+00

 436	1.004362800000989e-05
	1.055824998525271e+01
	1.181360084643918e+01
	1.333342915870669e+00

 437	1.004372800000989e-05
	1.059041718844572e+01
	1.175945184540639e+01
	1.340234499525697e+00

 438	1.004382800000989e-05
	1.062672446579099e+01
	1.169938808600306e+01
	1.344882071280057e+00

 439	1.004392800000989e-05
	1.066682896274357e+01
	1.163498871588829e+01
	1.347321196241033e+00

 440	1.004402800000989e-05
	1.071048376113544e+01
	1.156747734307955e+01
	1.347568168629988e+00

 441	1.004412800000989e-05
	1.075747912900726e+01
	1.149767828661165e+01
	1.345615301847845e+00

 442	1.004422800000989e-05
	1.080759273150994e+01
	1.142609522798095e+01
	1.341437942838667e+00

 443	1.004432800000989e-05
	1.086056475668935e+01
	1.135302023854642e+01
	1.335003905215189e+00

 444	1.004442800000989e-05
	1.091609007066572e+01
	1.127862824123815e+01
	1.326281533976671e+00

 445	1.004452800000990e-05
	1.097381714924322e+01
	1.120304546638708e+01
	1.315245783531224e+00

 446	1.004462800000990e-05
	1.103334793404971e+01
	1.112639475258488e+01
	1.301882760217005e+00

 447	1.004472800000990e-05
	1.109423656268461e+01
	1.104882418111421e+01
	1.286193320459468e+00

 448	1.004482800000990e-05
	1.115598711081327e+01
	1.097052493914121e+01
	1.268196157082288e+00

 449	1.004492800000990e-05
	1.121805171268701e+01
	1.089174244380697e+01
	1.247930572652934e+00

 450	1.004502800000990e-05
	1.127983126026400e+01
	1.081278279004355e+01
	1.225458894221253e+00

 451	1.004512800000990e-05
	1.134068151974381e+01
	1.073401491700808e+01
	1.200868247482159e+00

 452	1.004522800000990e-05
	1.139992778415805e+01
	1.065586769201004e+01
	1.174271207021078e+00

 453	1.004532800000990e-05
	1.145689060808986e+01
	1.057882058043437e+01
	1.145804736661124e+00

 454	1.004542800000990e-05
	1.151092312728767e+01
	1.050338697959553e+01
	1.115626930786884e+00

 455	1.004552800000990e-05
	1.156145673398691e+01
	1.043009080190211e+01
	1.083911449331139e+00

 456	1.004562800000990e-05
	1.160804735936463e+01
	1.035943915352989e+01
	1.050840172188249e+00

 457	1.004572800000990e-05
	1.165041155503781e+01
	1.029189590074235e+01
	1.016595249663337e+00

 458	1.004582800000990e-05
	1.168844246945091e+01
	1.022786120399353e+01
	9.813520320189490e-01

 459	1.004592800000990e-05
	1.172220132565480e+01
	1.016766018694863e+01
	9.452740842318121e-01

 460	1.004602800000990e-05
	1.175188772045484e+01
	1.011154075251235e+01
	9.085107460994291e-01

 461	1.004612800000990e-05
	1.177779796388335e+01
	1.005967797954765e+01
	8.711968949022397e-01

 462	1.004622800000990e-05
	1.180028211998274e+01
	1.001218173051643e+01
	8.334540986294223e-01

 463	1.004632800000990e-05
	1.181970775923008e+01
	9.969104877658538e+00
	7.953923194373336e-01

 464	1.004642800000990e-05
	1.183643407869037e+01
	9.930450881819080e+00
	7.571115810618598e-01

 465	1.004652800000990e-05
	1.185079631493027e+01
	9.896180466207310e+00
	7.187033236576108e-01

 466	1.004662800000990e-05
	1.186309831198049e+01
	9.866217563406886e+00
	6.802513947529181e-01

 467	1.004672800000990e-05
	1.187361057480978e+01
	9.840454752230064e+00
	6.418327365780832e-01

 468	1.004682800000990e-05
	1.188257150139619e+01
	9.818758296955933e+00
	6.035178596540334e-01

 469	1.004692800000990e-05
	1.189019015367248e+01
	9.800972808375771e+00
	5.653711819293719e-01

 470	1.004702800000990e-05
	1.189664955542161e+01
	9.786925506277447e+00
	5.274512905220636e-01

 471	1.004712800000990e-05
	1.190210996747558e+01
	9.776430063460911e+00
	4.898111627137880e-01

 472	1.004722800000990e-05
	1.190671188383812e+01
	9.769290028493298e+00
	4.524983681257106e-01

 473	1.004732800000990e-05
	1.191057865833449e+01
	9.765301842372997e+00
	4.155552645989979e-01

 474	1.004742800000990e-05
	1.191381875573710e+01
	9.764257476698946e+00
	3.790191946817358e-01

 475	1.004752800000990e-05
	1.191652765879499e+01
	9.765946727165625e+00
	3.429226863682311e-01

 476	1.004762800000990e-05
	1.191878947553800e+01
	9.770159197768647e+00
	3.072936598574547e-01

 477	1.004772800000990e-05
	1.192067836605703e+01
	9.776685964152097e+00
	2.721556302589467e-01

 478	1.004782800000990e-05
	1.192226092527829e+01
	9.785320276919727e+00
	2.375277432976293e-01

 479	1.004792800000990e-05
	1.192359654761251e+01
	9.795859301646434e+00
	2.034250291358468e-01

 480	1.004802800000990e-05
	1.192473652196130e+01
	9.808105905523302e+00
	1.698588265576675e-01

 481	1.004812800000990e-05
	1.192572474098694e+01
	9.821869387313949e+00
	1.368370522734212e-01

 482	1.004822800000990e-05
	1.192659858796983e+01
	9.836966193780519e+00
	1.043644509478052e-01

 483	1.004832800000990e-05
	1.192738966706871e+01
	9.853220526865535e+00
	7.244284836741444e-02

 484	1.004842800000990e-05
	1.192812449736538e+01
	9.870464839852065e+00
	4.107139762761647e-02

 485	1.004852800000990e-05
	1.192882511023602e+01
	9.888540199372704e+00
	1.024682032514357e-02

 486	1.004862800000990e-05
	1.192950959927872e+01
	9.907296543808433e+00
	-2.003636022867683e-02

 487	1.004872800000990e-05
	1.193019260426672e+01
	9.926592837339472e+00
	-4.978559349422773e-02

 488	1.004882800000990e-05
	1.193088575083662e+01
	9.946297139639498e+00
	-7.901008525564390e-02

 489	1.004892800000990e-05
	1.193159804137370e+01
	9.966286596906514e+00
	-1.077205903963485e-01

 490	1.004902800000990e-05
	1.193233620753773e+01
	9.986447367490536e+00
	-1.359292155877343e-01

 491	1.004912800000991e-05
	1.193310502465695e+01
	1.000667448921706e+01
	-1.636492320741196e-01

 492	1.004922800000991e-05
	1.193390759369624e+01
	1.002687169801022e+01
	-1.908948988705677e-01

 493	1.004932800000991e-05
	1.193474559248129e+01
	1.004695120460880e+01
	-2.176812964491368e-01

 494	1.004942800000991e-05
	1.193561949978304e+01
	1.006683343675203e+01
	-2.440241709872304e-01

 495	1.004952800000991e-05
	1.193652879423276e+01
	1.008644675276728e+01
	-2.699397891190254e-01

 496	1.004962800000991e-05
	1.193747213064891e+01
	1.010572713237404e+01
	-2.954448030906438e-01

 497	1.004972800000991e-05
	1.193844749565037e+01
	1.012461784964690e+01
	-3.205561261373489e-01

 498	1.004982800000991e-05
	1.193945234456912e+01
	1.014306913273518e+01
	-3.452908178572078e-01

 499	1.004992800000991e-05
	1.194048372133247e+01
	1.016103781432483e+01
	-3.696659793014823e-01

 500	1.005002800000991e-05
	1.194153836296153e+01
	1.017848697643692e+01
	-3.936986574662091e-01

 501	1.005012800000991e-05
	1.194261279013602e+01
	1.019538559268450e+01
	-4.174057588341045e-01

 502	1.005022800000991e-05
	1.194370338520186e+01
	1.021170817073959e+01
	-4.408039715909937e-01

 503	1.005032800000991e-05
	1.194480645886481e+01
	1.022743439738197e+01
	-4.639096961196472e-01

 504	1.005042800000991e-05
	1.194591830672841e+01
	1.024254878817816e+01
	-4.867389833593359e-01

 505	1.005052800000991e-05
	1.194703525673151e+01
	1.025704034353139e+01
	-5.093074806088571e-01

 506	1.005062800000991e-05
	1.194815370845898e+01
	1.027090221257462e+01
	-5.316303843449228e-01

 507	1.005072800000991e-05
	1.194927016521259e+01
	1.028413136613309e+01
	-5.537223996253569e-01

 508	1.005082800000991e-05
	1.195038125965414e+01
	1.029672827976817e+01
	-5.755977056474744e-01

 509	1.005092800000991e-05
	1.195148377375843e+01
	1.030869662772310e+01
	-5.972699270354822e-01

 510	1.005102800000991e-05
	1.195257465374596e+01
	1.032004298842540e+01
	-6.187521104365288e-01

 511	1.005112800000991e-05
	1.195365102059991e+01
	1.033077656205620e+01
	-6.400567060125404e-01

 512	1.005122800000991e-05
	1.195471017671096e+01
	1.034090890057320e+01
	-6.611955534239291e-01

 513	1.005132800000991e-05
	1.195574960913565e+01
	1.035045365046808e+01
	-6.821798719111460e-01

 514	1.005142800000991e-05
	1.195676698989793e+01
	1.035942630845030e+01
	-7.030202540906436e-01

 515	1.005152800000991e-05
	1.195776017370998e+01
	1.036784399017528e+01
	-7.237266630925288e-01

 516	1.005162800000991e-05
	1.195872719969918e+01
	1.037572520851537e+01
	-7.443084335906285e-01

 517	1.005172800000991e-05
	1.195966671531119e+01
	1.038308942476698e+01
	-7.647743375551610e-01

 518	1.005182800000991e-05
	1.196057832951696e+01
	1.038995668774679e+01
	-7.851326617086567e-01

 519	1.005192800000991e-05
	1.196146194899736e+01
	1.039634775666797e+01
	-8.053911648847336e-01

 520	1.005202800000991e-05
	1.196231756393474e+01
	1.040228388191053e+01
	-8.255570791079663e-01

 521	1.005212800000991e-05
	1.196314526983900e+01
	1.040778665163734e+01
	-8.456371268895315e-01

 522	1.005222800000991e-05
	1.196394522880684e+01
	1.041287782737155e+01
	-8.656375368004321e-01

 523	1.005232800000991e-05
	1.196471766901972e+01
	1.041757922419253e+01
	-8.855640605623416e-01

 524	1.005242800000991e-05
	1.196546285968019e+01
	1.042191259114604e+01
	-9.054219896113478e-01

 525	1.005252800000991e-05
	1.196618109524000e+01
	1.042589951510700e+01
	-9.252161717685854e-01

 526	1.005262800000991e-05
	1.196687266307870e+01
	1.042956133458173e+01
	-9.449510266068126e-01

 527	1.005272800000991e-05
	1.196753780054346e+01
	1.043291907468014e+01
	-9.646305586630999e-01

 528	1.005282800000991e-05
	1.196817662132455e+01
	1.043599340343922e+01
	-9.842583662027329e-01

 529	1.005292800000991e-05
	1.196878899434988e+01
	1.043880462224703e+01
	-1.003837642162894e+00

 530	1.005302800000991e-05
	1.196937433506484e+01
	1.044137270591709e+01
	-1.023371161157093e+00

 531	1.005312800000991e-05
	1.196993124555292e+01
	1.044371742414894e+01
	-1.042861242138217e+00

 532	1.005322800000991e-05
	1.197045688900671e+01
	1.044585859750456e+01
	-1.062309668554471e+00

 533	1.005332800000991e-05
	1.197094590184424e+01
	1.044781658207920e+01
	-1.081717534540407e+00

 534	1.005342800000991e-05
	1.197138850139146e+01
	1.044961314540291e+01
	-1.101084962622725e+00

 535	1.005352800000991e-05
	1.197176720062437e+01
	1.045127301424526e+01
	-1.120410598963883e+00

 536	1.005362800000992e-05
	1.197205112489630e+01
	1.045282657287291e+01
	-1.139690725390218e+00

 537	1.005372800000992e-05
	1.197218624192674e+01
	1.045431451473794e+01
	-1.158917717061509e+00

 538	1.005382800000992e-05
	1.197207874459320e+01
	1.045579575529072e+01
	-1.178077399520412e+00

 539	1.005392800000992e-05
	1.197156729959656e+01
	1.045736062242787e+01
	-1.197144602803699e+00

 540	1.005402800000992e-05
	1.197037815169727e+01
	1.045915210861712e+01
	-1.216075899337795e+00

 541	1.005412800000992e-05
	1.196805649583107e+01
	1.046139810615490e+01
	-1.234798322066448e+00

 542	1.005422800000992e-05
	1.196387213674038e+01
	1.046445505878102e+01
	-1.253193347972719e+00

 543	1.005432800000992e-05
	1.195671579840595e+01
	1.046885433705559e+01
	-1.271077821676143e+00

 544	1.005442800000992e-05
	1.194504407365342e+01
	1.047532319888132e+01
	-1.288189244211521e+00

 545	1.005452800000992e-05
	1.192698386494116e+01
	1.048473107489938e+01
	-1.304190601578845e+00

 546	1.005462800000992e-05
	1.190069937353222e+01
	1.049792650577038e+01
	-1.318710123602828e+00

 547	1.005472800000992e-05
	1.186496136721338e+01
	1.051551627278815e+01
	-1.331411051395290e+00

 548	1.005482800000992e-05
	1.181961576836589e+01
	1.053773028787789e+01
	-1.342055287987943e+00

 549	1.005492800000992e-05
	1.176562315370895e+01
	1.056447077602320e+01
	-1.350521093265232e+00

 550	1.005502800000992e-05
	1.170464348032507e+01
	1.059548328499972e+01
	-1.356771167988301e+00

 551	1.005512800000992e-05
	1.163845898650142e+01
	1.063050647706273e+01
	-1.360802644506035e+00

 552	1.005522800000992e-05
	1.156855499833717e+01
	1.066932552126472e+01
	-1.362610682597070e+00

 553	1.005532800000992e-05
	1.149597337403179e+01
	1.071175229465162e+01
	-1.362175169117274e+00

 554	1.005542800000992e-05
	1.142136301433380e+01
	1.075758732527893e+01
	-1.359462958080674e+00

 555	1.005552800000992e-05
	1.134510335315078e+01
	1.080659468783835e+01
	-1.354435440409250e+00

 556	1.005562800000992e-05
	1.126742201699243e+01
	1.085849276931010e+01
	-1.347055839483704e+00

 557	1.005572800000992e-05
	1.118848057357249e+01
	1.091295322155752e+01
	-1.337294773957996e+00

 558	1.005582800000992e-05
	1.110842961556072e+01
	1.096960160490957e+01
	-1.325134385235384e+00

 559	1.005592800000992e-05
	1.102744218068197e+01
	1.102801686642827e+01
	-1.310571651128362e+00

 560	1.005602800000992e-05
	1.094573390424963e+01
	1.108772938287882e+01
	-1.293621341745834e+00

 561	1.005612800000992e-05
	1.086357543673056e+01
	1.114821873615606e+01
	-1.274318809948199e+00

 562	1.005622800000992e-05
	1.078129981592318e+01
	1.120891325758480e+01
	-1.252722548781656e+00

 563	1.005632800000992e-05
	1.069930527109021e+01
	1.126919402065686e+01
	-1.228916205439046e+00

 564	1.005642800000992e-05
	1.061805245402476e+01
	1.132840633801402e+01
	-1.203009529731378e+00

 565	1.005652800000992e-05
	1.053805445555382e+01
	1.138588150893658e+01
	-1.175137612583381e+00

 566	1.005662800000992e-05
	1.045985845094987e+01
	1.144096993735934e+01
	-1.145457844613422e+00

 567	1.005672800000992e-05
	1.038401962651627e+01
	1.149308342340946e+01
	-1.114144403392888e+00

 568	1.005682800000992e-05
	1.031107078836952e+01
	1.154174003824581e+01
	-1.081380751063123e+00

 569	1.005692800000992e-05
	1.024149343138870e+01
	1.158660152918917e+01
	-1.047351358813841e+00

 570	1.005702800000992e-05
	1.017569633435164e+01
	1.162749324260914e+01
	-1.012234267069698e+00

 571	1.005712800000992e-05
	1.011400523394636e+01
	1.166440118071686e+01
	-9.761958383310803e-01

 572	1.005722800000992e-05
	1.005666309070487e+01
	1.169744812153198e+01
	-9.393882522105124e-01

 573	1.005732800000992e-05
	1.000383731448616e+01
	1.172685685828763e+01
	-9.019493838170183e-01

 574	1.005742800000992e-05
	9.955629600109200e+00
	1.175291064164077e+01
	-8.640041601680697e-01

 575	1.005752800000992e-05
	9.912085342342257e+00
	1.177591881312884e+01
	-8.256664498363584e-01

 576	1.005762800000992e-05
	9.873201470852191e+00
	1.179619158131050e+01
	-7.870408342365265e-01

 577	1.005772800000992e-05
	9.838932818530077e+00
	1.181402424702436e+01
	-7.482239689941872e-01

 578	1.005782800000992e-05
	9.809197563241161e+00
	1.182968907780048e+01
	-7.093055030580313e-01

 579	1.005792800000992e-05
	9.783882186882787e+00
	1.184343241489984e+01
	-6.703686467682284e-01

 580	1.005802800000992e-05
	9.762846158727751e+00
	1.185547487778725e+01
	-6.314905068307861e-01

 581	1.005812800000992e-05
	9.745926375122167e+00
	1.186601313347042e+01
	-5.927422868874210e-01

 582	1.005822800000993e-05
	9.732941313411361e+00
	1.187522227851088e+01
	-5.541894215804519e-01

 583	1.005832800000993e-05
	9.723694851396120e+00
	1.188325831083321e+01
	-5.158916854281139e-01

 584	1.005842800000993e-05
	9.717979724620248e+00
	1.189026044038552e+01
	-4.779032994451424e-01

 585	1.005852800000993e-05
	9.715580617886040e+00
	1.189635314124223e+01
	-4.402730472223166e-01

 586	1.005862800000993e-05
	9.716276905069321e+00
	1.190164792598813e+01
	-4.030444058552116e-01

 587	1.005872800000993e-05
	9.719845061354668e+00
	1.190624485872764e+01
	-3.662556937320727e-01

 588	1.005882800000993e-05
	9.726060722037172e+00
	1.191023389567256e+01
	-3.299402248762462e-01

 589	1.005892800000993e-05
	9.734699305118312e+00
	1.191369731826425e+01
	-2.941262465164622e-01

 590	1.005902800000993e-05
	9.745538251509460e+00
	1.191671031775991e+01
	-2.588371275204155e-01

 591	1.005912800000993e-05
	9.758359793764102e+00
	1.191933971739026e+01
	-2.240918471823796e-01

 592	1.005922800000993e-05
	9.772951792416050e+00
	1.192164446337910e+01
	-1.899052714223366e-01

 593	1.005932800000993e-05
	9.789108703390541e+00
	1.192367645618666e+01
	-1.562884016552704e-01

 594	1.005942800000993e-05
	9.806632417664105e+00
	1.192548119981801e+01
	-1.232486387385752e-01

 595	1.005952800000993e-05
	9.825333010648251e+00
	1.192709846025537e+01
	-9.079004292297022e-02

 596	1.005962800000993e-05
	9.845029309265634e+00
	1.192856282167785e+01
	-5.891359490073400e-02

 597	1.005972800000993e-05
	9.865549344985293e+00
	1.192990421751082e+01
	-2.761745197112853e-02

 598	1.005982800000993e-05
	9.886730669851934e+00
	1.193114839888421e+01
	3.102799733120554e-03

 599	1.005992800000993e-05
	9.908420571090703e+00
	1.193231737180989e+01
	3.325389976221338e-02

 600	1.006002800000993e-05
	9.930476182454912e+00
	1.193342979092266e+01
	6.284467486113532e-02

 601	1.006012800000993e-05
	9.952764512357366e+00
	1.193450132312821e+01
	9.188580898738086e-02

 602	1.006022800000993e-05
	9.975162393876982e+00
	1.193554497798881e+01
	1.203896223213943e-01

 603	1.006032800000993e-05
	9.997556369685499e+00
	1.193657141105710e+01
	1.483698601217684e-01

 604	1.006042800000993e-05
	1.001984251878182e+01
	1.193758920008248e+01
	1.758414918217575e-01

 605	1.006052800000993e-05
	1.004192623455941e+01
	1.193860509740642e+01
	2.028205208173610e-01

 606	1.006062800000993e-05
	1.006372196100174e+01
	1.193962425945272e+01
	2.293238051620068e-01

 607	1.006072800000993e-05
	1.008515289443344e+01
	1.194065045541127e+01
	2.553688893377761e-01

 608	1.006082800000993e-05
	1.010615065686726e+01
	1.194168625627115e+01
	2.809738471314334e-01

 609	1.006092800000993e-05
	1.012665494688590e+01
	1.194273320575358e+01
	3.061571355767543e-01

 610	1.006102800000993e-05
	1.014661317315182e+01
	1.194379197431022e+01
	3.309374598299648e-01

 611	1.006112800000993e-05
	1.016598007528953e+01
	1.194486249746097e+01
	3.553336487835770e-01

 612	1.006122800000993e-05
	1.018471733627630e+01
	1.194594409957183e+01
	3.793645411584727e-01

 613	1.006132800000993e-05
	1.020279319006985e+01
	1.194703560418104e+01
	4.030488817660607e-01

 614	1.006142800000993e-05
	1.022018202771767e+01
	1.194813543188820e+01
	4.264052275881893e-01

 615	1.006152800000993e-05
	1.023686400480189e+01
	1.194924168679334e+01
	4.494518632892959e-01

 616	1.006162800000993e-05
	1.025282465267453e+01
	1.195035223240845e+01
	4.722067257477314e-01

 617	1.006172800000993e-05
	1.026805449559434e+01
	1.195146475792391e+01
	4.946873371733758e-01

 618	1.006182800000993e-05
	1.028254867555009e+01
	1.195257683565890e+01
	5.169107463641389e-01

 619	1.006192800000993e-05
	1.029630658626859e+01
	1.195368597047989e+01
	5.388934776450645e-01

 620	1.006202800000993e-05
	1.030933151764685e+01
	1.195478964192220e+01
	5.606514870291424e-01

 621	1.006212800000993e-05
	1.032163031162083e+01
	1.195588533970333e+01
	5.822001251383304e-01

 622	1.006222800000993e-05
	1.033321303028425e+01
	1.195697059326967e+01
	6.035541064258503e-01

 623	1.006232800000993e-05
	1.034409263690012e+01
	1.195804299597182e+01
	6.247274842460027e-01

 624	1.006242800000993e-05
	1.035428469030157e+01
	1.195910022441862e+01
	6.457336313250264e-01

 625	1.006252800000993e-05
	1.036380705305541e+01
	1.196014005351404e+01
	6.665852251953748e-01

 626	1.006262800000993e-05
	1.037267961365939e+01
	1.196116036763723e+01
	6.872942381657097e-01

 627	1.006272800000994e-05
	1.038092402296009e+01
	1.196215916838080e+01
	7.078719314094670e-01

 628	1.006282800000994e-05
	1.038856344491058e+01
	1.196313457921727e+01
	7.283288527655336e-01

 629	1.006292800000994e-05
	1.039562232173438e+01
	1.196408484741668e+01
	7.486748378548411e-01

 630	1.006302800000994e-05
	1.040212603201911e+01
	1.196500848782550e+01
	7.689190400361843e-01

 631	1.006312800000994e-05
	1.040810010911051e+01
	1.196590500259561e+01
	7.890700734703557e-01

 632	1.006322800000994e-05
	1.041357052862442e+01
	1.196677444437451e+01
	8.091359890329310e-01

 633	1.006332800000994e-05
	1.041856360185967e+01
	1.196761693853957e+01
	8.291242446493094e-01

 634	1.006342800000994e-05
	1.042310578871407e+01
	1.196843267658516e+01
	8.490417232384724e-01

 635	1.006352800000994e-05
	1.042722350369491e+01
	1.196922188677049e+01
	8.688947515240817e-01

 636	1.006362800000994e-05
	1.043094298767397e+01
	1.196998483238712e+01
	8.886891198129603e-01

 637	1.006372800000994e-05
	1.043429018296716e+01
	1.197072179220658e+01
	9.084301012517315e-01

 638	1.006382800000994e-05
	1.043729063639533e+01
	1.197143304542922e+01
	9.281224709839822e-01

 639	1.006392800000994e-05
	1.043996941544519e+01
	1.197211884094578e+01
	9.477705235927920e-01

 640	1.006402800000994e-05
	1.044235105150282e+01
	1.197277935127247e+01
	9.673780874596578e-01

 641	1.006412800000994e-05
	1.044445951353670e+01
	1.197341459054968e+01
	9.869485328654952e-01

 642	1.006422800000994e-05
	1.044631823214018e+01
	1.197402427256007e+01
	1.006484768789289e+00

 643	1.006432800000994e-05
	1.044795020199651e+01
	1.197460755856544e+01
	1.025989219236384e+00

 644	1.006442800000994e-05
	1.044937821765555e+01
	1.197516261022486e+01
	1.045463763076488e+00

 645	1.006452800000994e-05
	1.045062533755142e+01
	1.197568579486154e+01
	1.064909608972484e+00

 646	1.006462800000994e-05
	1.045171574581773e+01
	1.197617027487500e+01
	1.084327055309929e+00

 647	1.006472800000994e-05
	1.045267630899330e+01
	1.197660350907508e+01
	1.103715047042411e+00

 648	1.006482800000994e-05
	1.045353934552837e+01
	1.197696284313360e+01
	1.123070375714180e+00

 649	1.006492800000994e-05
	1.045434749625680e+01
	1.197720777301616e+01
	1.142386257485297e+00

 650	1.006502800000994e-05
	1.045516218075822e+01
	1.197726649989856e+01
	1.161649841288328e+00

 651	1.006512800000994e-05
	1.045607800669450e+01
	1.197701293469747e+01
	1.180837918795882e+00

 652	1.006522800000994e-05
	1.045724656538512e+01
	1.197622843771675e+01
	1.199909734721768e+00

 653	1.006532800000994e-05
	1.045891359871421e+01
	1.197454120206554e+01
	1.218795471731088e+00

 654	1.006542800000994e-05
	1.046147126669197e+01
	1.197133854199806e+01
	1.237379245212710e+00

 655	1.006552800000994e-05
	1.046551698877642e+01
	1.196566126833478e+01
	1.255477623997602e+00

 656	1.006562800000994e-05
	1.047188579095604e+01
	1.195612615916104e+01
	1.272820786452469e+00

 657	1.006572800000994e-05
	1.048159163106261e+01
	1.194097869249536e+01
	1.289053047159199e+00

 658	1.006582800000994e-05
	1.049562293089647e+01
	1.191839300939594e+01
	1.303772810104511e+00

 659	1.006592800000994e-05
	1.051464923895380e+01
	1.188700338733065e+01
	1.316611536593652e+00

 660	1.006602800000994e-05
	1.053883538131429e+01
	1.184640463373315e+01
	1.327312507504695e+00

 661	1.006612800000994e-05
	1.056791295235351e+01
	1.179728153569978e+01
	1.335758736868392e+00

 662	1.006622800000994e-05
	1.060142882820461e+01
	1.174108507624353e+01
	1.341939118704826e+00

 663	1.006632800000994e-05
	1.063896403228394e+01
	1.167949872022316e+01
	1.345887618040031e+00

 664	1.006642800000994e-05
	1.068021080485155e+01
	1.161400640278232e+01
	1.347635477771771e+00

 665	1.006652800000994e-05
	1.072494062766797e+01
	1.154570257718696e+01
	1.347191141170115e+00

 666	1.006662800000994e-05
	1.077294396852107e+01
	1.147529921212420e+01
	1.344540576157758e+00

 667	1.006672800000994e-05
	1.082398832689180e+01
	1.140322174683798e+01
	1.339655768260096e+00

 668	1.006682800000994e-05
	1.087779996814377e+01
	1.132971634627962e+01
	1.332503925836323e+00

 669	1.006692800000994e-05
	1.093405913915212e+01
	1.125493641771262e+01
	1.323054905543771e+00

 670	1.006702800000994e-05
	1.099239970742112e+01
	1.117900315622385e+01
	1.311286740962643e+00

 671	1.006712800000994e-05
	1.105240875275271e+01
	1.110204487587032e+01
	1.297189828447005e+00

 672	1.006722800000994e-05
	1.111362490072019e+01
	1.102422169252212e+01
	1.280770327830795e+00

 673	1.006732800000995e-05
	1.117553599254542e+01
	1.094574092515778e+01
	1.262053140250899e+00

 674	1.006742800000995e-05
	1.123757774661982e+01
	1.086686661076056e+01
	1.241084584908500e+00

 675	1.006752800000995e-05
	1.129913583446804e+01
	1.078792462787351e+01
	1.217934653020947e+00

 676	1.006762800000995e-05
	1.135955435455941e+01
	1.070930338876681e+01
	1.192698487656263e+00

 677	1.006772800000995e-05
	1.141815376421223e+01
	1.063144904805863e+01
	1.165496558865004e+00

 678	1.006782800000995e-05
	1.147426035552073e+01
	1.055485391096078e+01
	1.136472951963984e+00

 679	1.006792800000995e-05
	1.152724677008586e+01
	1.048003747805640e+01
	1.105791367538498e+00

 680	1.006802800000995e-05
	1.157657890135100e+01
	1.040752137975271e+01
	1.073628905062247e+00

 681	1.006812800000995e-05
	1.162186018322906e+01
	1.033780176027130e+01
	1.040168375375416e+00

 682	1.006822800000995e-05
	1.166286222685306e+01
	1.027132422530490e+01
	1.005590468942264e+00

 683	1.006832800000995e-05
	1.169953319495097e+01
	1.020846605312066e+01
	9.700672412731648e-01

 684	1.006842800000995e-05
	1.173198189754908e+01
	1.014952789418037e+01
	9.337579212857614e-01

 685	1.006852800000995e-05
	1.176044316182303e+01
	1.009473401480931e+01
	8.968072336215416e-01

 686	1.006862800000995e-05
	1.178523467369032e+01
	1.004423805575384e+01
	8.593456964937236e-01

 687	1.006872800000995e-05
	1.180671546644185e+01
	9.998131052339359e+00
	8.214910303364833e-01

 688	1.006882800000995e-05
	1.182525274996214e+01
	9.956449534339068e+00
	7.833498978162834e-01

 689	1.006892800000995e-05
	1.184119941523567e+01
	9.919182816004808e+00
	7.450194896020912e-01

 690	1.006902800000995e-05
	1.185488129789507e+01
	9.886279414446038e+00
	7.065887627092917e-01

 691	1.006912800000995e-05
	1.186659175697105e+01
	9.857652816578286e+00
	6.681393266660343e-01

 692	1.006922800000995e-05
	1.187659094905922e+01
	9.833186783926536e+00
	6.297460538311555e-01

 693	1.006932800000995e-05
	1.188510768983008e+01
	9.812740273545458e+00
	5.914775030617716e-01

 694	1.006942800000995e-05
	1.189234247467855e+01
	9.796151976231924e+00
	5.533962293724732e-01

 695	1.006952800000995e-05
	1.189847081184730e+01
	9.783244448637562e+00
	5.155590296993786e-01

 696	1.006962800000995e-05
	1.190364642742196e+01
	9.773827823929558e+00
	4.780171561366116e-01

 697	1.006972800000995e-05
	1.190800414955338e+01
	9.767703104237357e+00
	4.408165151038603e-01

 698	1.006982800000995e-05
	1.191166241498615e+01
	9.764665054674532e+00
	4.039978628634295e-01

 699	1.006992800000995e-05
	1.191472540742395e+01
	9.764504729109344e+00
	3.675970030629763e-01

 700	1.007002800000995e-05
	1.191728486512289e+01
	9.767011662408764e+00
	3.316449892444524e-01

 701	1.007012800000995e-05
	1.191942160332571e+01
	9.771975764370316e+00
	2.961683336740328e-01

 702	1.007022800000995e-05
	1.192120708461978e+01
	9.779188769783072e+00
	2.611891808575417e-01

 703	1.007032800000995e-05
	1.192270581313380e+01
	9.788444850867538e+00
	2.267253254255055e-01

 704	1.007042800000995e-05
	1.192397463089933e+01
	9.799542886535539e+00
	1.927905992805243e-01

 705	1.007052800000995e-05
	1.192506237337921e+01
	9.812287681802413e+00
	1.593952371957557e-01

 706	1.007062800000995e-05
	1.192601081252355e+01
	9.826490721359196e+00
	1.265461282491467e-01

 707	1.007072800000995e-05
	1.192685542245313e+01
	9.841970829937468e+00
	9.424707092968565e-02

 708	1.007082800000995e-05
	1.192762614192858e+01
	9.858554765748918e+00
	6.249902224112969e-02

 709	1.007092800000995e-05
	1.192834800966551e+01
	9.876077659864313e+00
	3.130034367989332e-02

 710	1.007102800000995e-05
	1.192904176289290e+01
	9.894383352930831e+00
	6.470392735635766e-04

 711	1.007112800000995e-05
	1.192972435531344e+01
	9.913324613912623e+00
	-2.946701309902333e-02

 712	1.007122800000995e-05
	1.193040943297621e+01
	9.932763269772924e+00
	-5.904983925488994e-02

 713	1.007132800000995e-05
	1.193110775407579e+01
	9.952570247092815e+00
	-8.811115494465804e-02

 714	1.007142800000995e-05
	1.193182756975604e+01
	9.972625542806750e+00
	-1.166621618093087e-01

 715	1.007152800000995e-05
	1.193257496271193e+01
	9.992818129670891e+00
	-1.447153531587022e-01

 716	1.007162800000995e-05
	1.193335415194236e+01
	1.001304580790382e+01
	-1.722843300543588e-01

 717	1.007172800000995e-05
	1.193416776414715e+01
	1.003321500949521e+01
	-1.993836277802310e-01

 718	1.007182800000995e-05
	1.193501707646471e+01
	1.005324056353276e+01
	-2.260285528697579e-01

 719	1.007192800000996e-05
	1.193590223215570e+01
	1.007304542860893e+01
	-2.522350306633332e-01

 720	1.007202800000996e-05
	1.193682243229646e+01
	1.009256039872760e+01
	-2.780194633577533e-01

 721	1.007212800000996e-05
	1.193777610528570e+01
	1.011172378791918e+01
	-3.033985984008722e-01

 722	1.007222800000996e-05
	1.193876105641679e+01
	1.013048109859601e+01
	-3.283894070474338e-01

 723	1.007232800000996e-05
	1.193977459921401e+01
	1.014878467792466e+01
	-3.530089728251942e-01

 724	1.007242800000996e-05
	1.194081367031869e+01
	1.016659336615050e+01
	-3.772743896239898e-01

 725	1.007252800000996e-05
	1.194187492943304e+01
	1.018387214026942e+01
	-4.012026690776629e-01

 726	1.007262800000996e-05
	1.194295484579336e+01
	1.020059175607702e+01
	-4.248106568810637e-01

 727	1.007272800000996e-05
	1.194404977247861e+01
	1.021672839120639e+01
	-4.481149576580410e-01

 728	1.007282800000996e-05
	1.194515600978664e+01
	1.023226329143155e+01
	-4.711318679787169e-01

 729	1.007292800000996e-05
	1.194626985879342e+01
	1.024718242217826e+01
	-4.938773171102095e-01

 730	1.007302800000996e-05
	1.194738766613008e+01
	1.026147612689912e+01
	-5.163668150764864e-01

 731	1.007312800000996e-05
	1.194850586091972e+01
	1.027513879370227e+01
	-5.386154075979603e-01

 732	1.007322800000996e-05
	1.194962098473940e+01
	1.028816853139090e+01
	-5.606376374803177e-01

 733	1.007332800000996e-05
	1.195072971539393e+01
	1.030056685586177e+01
	-5.824475120237536e-01

 734	1.007342800000996e-05
	1.195182888521806e+01
	1.031233838762892e+01
	-6.040584760280807e-01

 735	1.007352800000996e-05
	1.195291549455548e+01
	1.032349056107924e+01
	-6.254833899754926e-01

 736	1.007362800000996e-05
	1.195398672099991e+01
	1.033403334592939e+01
	-6.467345129808417e-01

 737	1.007372800000996e-05
	1.195503992492323e+01
	1.034397898123537e+01
	-6.678234901085194e-01

 738	1.007382800000996e-05
	1.195607265175840e+01
	1.035334172220588e+01
	-6.887613436652267e-01

 739	1.007392800000996e-05
	1.195708263144980e+01
	1.036213759998656e+01
	-7.095584680885569e-01

 740	1.007402800000996e-05
	1.195806777543011e+01
	1.037038419451250e+01
	-7.302246280620253e-01

 741	1.007412800000996e-05
	1.195902622147219e+01
	1.037810039205196e+01
	-7.507689667897399e-01

 742	1.007422800000996e-05
	1.195995696508324e+01
	1.038530582637374e+01
	-7.712001047966821e-01

 743	1.007432800000996e-05
	1.196085976561969e+01
	1.039202078312512e+01
	-7.915261652388343e-01

 744	1.007442800000996e-05
	1.196173455631362e+01
	1.039826619487906e+01
	-8.117547393660429e-01

 745	1.007452800000996e-05
	1.196258136437328e+01
	1.040406343766599e+01
	-8.318928969687329e-01

 746	1.007462800000996e-05
	1.196340030649817e+01
	1.040943416834751e+01
	-8.519472031108095e-01

 747	1.007472800000996e-05
	1.196419156806207e+01
	1.041440017905219e+01
	-8.719237343290351e-01

 748	1.007482800000996e-05
	1.196495539161112e+01
	1.041898327534322e+01
	-8.918280954907123e-01

 749	1.007492800000996e-05
	1.196569205714255e+01
	1.042320516540734e+01
	-9.116654365149284e-01

 750	1.007502800000996e-05
	1.196640186042081e+01
	1.042708736605488e+01
	-9.314404686947684e-01

 751	1.007512800000996e-05
	1.196708507900084e+01
	1.043065112329732e+01
	-9.511574795711897e-01

 752	1.007522800000996e-05
	1.196774192082226e+01
	1.043391735302046e+01
	-9.708203450062138e-01

 753	1.007532800000996e-05
	1.196837243878512e+01
	1.043690660689879e+01
	-9.904325359616899e-01

 754	1.007542800000996e-05
	1.196897638693245e+01
	1.043963907599935e+01
	-1.009997115859135e+00

 755	1.007552800000996e-05
	1.196955297300137e+01
	1.044213465240557e+01
	-1.029516721326642e+00

 756	1.007562800000996e-05
	1.197010043011130e+01
	1.044441308575231e+01
	-1.048993513913532e+00

 757	1.007572800000996e-05
	1.197061527219709e+01
	1.044649429861910e+01
	-1.068429081186308e+00

 758	1.007582800000996e-05
	1.197109099866091e+01
	1.044839897253152e+01
	-1.087824249777020e+00

 759	1.007592800000996e-05
	1.197151584224585e+01
	1.045014959789692e+01
	-1.107178745624830e+00

 760	1.007602800000996e-05
	1.197186886257839e+01
	1.045177232031701e+01
	-1.126490589991940e+00

 761	1.007612800000996e-05
	1.197211319932369e+01
	1.045330014790197e+01
	-1.145755041360657e+00

 762	1.007622800000996e-05
	1.197218450590548e+01
	1.045477845970735e+01
	-1.164962764912986e+00

 763	1.007632800000996e-05
	1.197197136996054e+01
	1.045627432570691e+01
	-1.184096711585035e+00

 764	1.007642800000997e-05
	1.197128288071556e+01
	1.045789190677987e+01
	-1.203126908536903e+00

 765	1.007652800000997e-05
	1.196979690986474e+01
	1.045979688933254e+01
	-1.222002058903069e+00

 766	1.007662800000997e-05
	1.196698310539491e+01
	1.046225252347589e+01
	-1.240636785146809e+00

 767	1.007672800000997e-05
	1.196200238709442e+01
	1.046566577597339e+01
	-1.258894272035471e+00

 768	1.007682800000997e-05
	1.195360969500241e+01
	1.047062990768155e+01
	-1.276567392662833e+00

 769	1.007692800000997e-05
	1.194013535716257e+01
	1.047792773925977e+01
	-1.293368216727951e+00

 770	1.007702800000997e-05
	1.191966527534762e+01
	1.048844459286461e+01
	-1.308942666599050e+00

 771	1.007712800000997e-05
	1.189049030658141e+01
	1.050297583968626e+01
	-1.322921817083737e+00

 772	1.007722800000997e-05
	1.185168491702536e+01
	1.052201598992334e+01
	-1.334994722642128e+00

 773	1.007732800000997e-05
	1.180346672875012e+01
	1.054567794611625e+01
	-1.344960749486095e+00

 774	1.007742800000997e-05
	1.174707665844849e+01
	1.057379442698189e+01
	-1.352729849807712e+00

 775	1.007752800000997e-05
	1.168427295053609e+01
	1.060609678506009e+01
	-1.358280782981414e+00

 776	1.007762800000997e-05
	1.161677665440463e+01
	1.064233712911259e+01
	-1.361612865583443e+00

 777	1.007772800000997e-05
	1.154593730247361e+01
	1.068231304053372e+01
	-1.362716917144324e+00

 778	1.007782800000997e-05
	1.147266179736121e+01
	1.072583661260643e+01
	-1.361568053733003e+00

 779	1.007792800000997e-05
	1.139750009171495e+01
	1.077269873156972e+01
	-1.358130541195306e+00

 780	1.007802800000997e-05
	1.132077244317689e+01
	1.082264951833168e+01
	-1.352365638448773e+00

 781	1.007812800000997e-05
	1.124267801358745e+01
	1.087539257339184e+01
	-1.344238379044677e+00

 782	1.007822800000997e-05
	1.116337018521894e+01
	1.093058498457774e+01
	-1.333722617088159e+00

 783	1.007832800000997e-05
	1.108300378767469e+01
	1.098783776086247e+01
	-1.320804834752063e+00

 784	1.007842800000997e-05
	1.100176355364970e+01
	1.104671480213874e+01
	-1.305487306119608e+00

 785	1.007852800000997e-05
	1.091988138172835e+01
	1.110673068416445e+01
	-1.287790992813805e+00

 786	1.007862800000997e-05
	1.083764699282469e+01
	1.116734873793782e+01
	-1.267758280169594e+00

 787	1.007872800000997e-05
	1.075541389660781e+01
	1.122798168095246e+01
	-1.245455407860539e+00

 788	1.007882800000997e-05
	1.067360059705761e+01
	1.128799764010453e+01
	-1.220974212862931e+00

 789	1.007892800000997e-05
	1.059268572990108e+01
	1.134673462695695e+01
	-1.194432610254021e+00

 790	1.007902800000997e-05
	1.051319550715509e+01
	1.140352587032921e+01
	-1.165973163664891e+00

 791	1.007912800000997e-05
	1.043568274055999e+01
	1.145773626107480e+01
	-1.135759258762814e+00

 792	1.007922800000997e-05
	1.036069890445635e+01
	1.150880637572766e+01
	-1.103968874724988e+00

 793	1.007932800000997e-05
	1.028876351207827e+01
	1.155629617111147e+01
	-1.070786677693689e+00

 794	1.007942800000997e-05
	1.022033696767531e+01
	1.159991782949711e+01
	-1.036395832914233e+00

 795	1.007952800000997e-05
	1.015580245110874e+01
	1.163954873263479e+01
	-1.000971139682142e+00

 796	1.007962800000997e-05
	1.009545916998187e+01
	1.167522136328453e+01
	-9.646746349573871e-01

 797	1.007972800000997e-05
	1.003952529678676e+01
	1.170709430677591e+01
	-9.276539141138478e-01

 798	1.007982800000997e-05
	9.988146452015345e+00
	1.173541355285796e+01
	-8.900425840272124e-01

 799	1.007992800000997e-05
	9.941405642586020e+00
	1.176047388867266e+01
	-8.519618796258019e-01

 800	1.008002800000997e-05
	9.899332226071348e+00
	1.178258718329797e+01
	-8.135225686996650e-01

 801	1.008012800000997e-05
	9.861909236044639e+00
	1.180206024174660e+01
	-7.748266104287340e-01

 802	1.008022800000997e-05
	9.829079398374027e+00
	1.181918168879257e+01
	-7.359683725480537e-01

 803	1.008032800000997e-05
	9.800750384119972e+00
	1.183421575131388e+01
	-6.970354273231749e-01

 804	1.008042800000997e-05
	9.776799669750407e+00
	1.184740054533889e+01
	-6.581090338479012e-01

 805	1.008052800000997e-05
	9.757079145592188e+00
	1.185894890914844e+01
	-6.192644214592862e-01

 806	1.008062800000997e-05
	9.741419471274890e+00
	1.186905044470352e+01
	-5.805709634375225e-01

 807	1.008072800000997e-05
	9.729634128781790e+00
	1.187787396865538e+01
	-5.420922997099518e-01

 808	1.008082800000997e-05
	9.721523129567093e+00
	1.188556995126338e+01
	-5.038864431942733e-01

 809	1.008092800000997e-05
	9.716876355987672e+00
	1.189227275125159e+01
	-4.660058885116110e-01

 810	1.008102800000998e-05
	9.715476539870306e+00
	1.189810258017882e+01
	-4.284977323669372e-01

 811	1.008112800000998e-05
	9.717101896214432e+00
	1.190316719176880e+01
	-3.914038096792374e-01

 812	1.008122800000998e-05
	9.721528438006800e+00
	1.190756331844742e+01
	-3.547608467894674e-01

 813	1.008132800000998e-05
	9.728531757917210e+00
	1.191137815211045e+01
	-3.186005842795363e-01

 814	1.008142800000998e-05
	9.737887434504573e+00
	1.191469193060298e+01
	-2.829496724569580e-01

 815	1.008152800000998e-05
	9.749374315223179e+00
	1.191757725049292e+01
	-2.478300581682262e-01

 816	1.008162800000998e-05
	9.762776289657440e+00
	1.192009834030888e+01
	-2.132593996512722e-01

 817	1.008172800000998e-05
	9.777883209205362e+00
	1.192231186532284e+01
	-1.792513161305214e-01

 818	1.008182800000998e-05
	9.794491776046891e+00
	1.192426762774233e+01
	-1.458156469621958e-01

 819	1.008192800000998e-05
	9.812406393980384e+00
	1.192600926513868e+01
	-1.129587118526241e-01

 820	1.008202800000998e-05
	9.831439836469356e+00
	1.192757484743995e+01
	-8.068357303747686e-02

 821	1.008212800000998e-05
	9.851413790890007e+00
	1.192899744208497e+01
	-4.899029396507926e-02

 822	1.008222800000998e-05
	9.872159257922116e+00
	1.193030561399913e+01
	-1.787619498275950e-02

 823	1.008232800000998e-05
	9.893516839883842e+00
	1.193152389032704e+01
	1.266389679452162e-02

 824	1.008242800000998e-05
	9.915336918021795e+00
	1.193267317946478e+01
	4.263740386755388e-02

 825	1.008252800000998e-05
	9.937479738635696e+00
	1.193377115745997e+01
	7.205376258154472e-02

 826	1.008262800000998e-05
	9.959815414147990e+00
	1.193483261936892e+01
	1.009241958166029e-01

 827	1.008272800000998e-05
	9.982223852432059e+00
	1.193586980179224e+01
	1.292614950846722e-01

 828	1.008282800000998e-05
	1.000459462195360e+01
	1.193689267687320e+01
	1.570798125335515e-01

 829	1.008292800000998e-05
	1.002682676263255e+01
	1.193790922114661e+01
	1.843944633946173e-01

 830	1.008302800000998e-05
	1.004882854973344e+01
	1.193892566032788e+01
	2.112217391747011e-01

 831	1.008312800000998e-05
	1.007051721860884e+01
	1.193994669220943e+01
	2.375787318364375e-01

 832	1.008322800000998e-05
	1.009181865677095e+01
	1.194097568892302e+01
	2.634831690645099e-01

 833	1.008332800000998e-05
	1.011266706961118e+01
	1.194201488017362e+01
	2.889532606398280e-01

 834	1.008342800000998e-05
	1.013300462524442e+01
	1.194306551867407e+01
	3.140075558426543e-01

 835	1.008352800000998e-05
	1.015278108357662e+01
	1.194412802909915e+01
	3.386648117367179e-01

 836	1.008362800000998e-05
	1.017195341407358e+01
	1.194520214170519e+01
	3.629438721145397e-01

 837	1.008372800000998e-05
	1.019048540627899e+01
	1.194628701176136e+01
	3.868635568297405e-01

 838	1.008382800000998e-05
	1.020834727662843e+01
	1.194738132584485e+01
	4.104425611921507e-01

 839	1.008392800000998e-05
	1.022551527469367e+01
	1.194848339602146e+01
	4.336993650628047e-01

 840	1.008402800000998e-05
	1.024197129157230e+01
	1.194959124286841e+01
	4.566521512534349e-01

 841	1.008412800000998e-05
	1.025770247277163e+01
	1.195070266825509e+01
	4.793187328107245e-01

 842	1.008422800000998e-05
	1.027270083758837e+01
	1.195181531874389e+01
	5.017164887471126e-01

 843	1.008432800000998e-05
	1.028696290667742e+01
	1.195292674042792e+01
	5.238623077674958e-01

 844	1.008442800000998e-05
	1.030048933922181e+01
	1.195403442597311e+01
	5.457725395335697e-01

 845	1.008452800000998e-05
	1.031328458086911e+01
	1.195513585458566e+01
	5.674629530044109e-01

 846	1.008462800000998e-05
	1.032535652338071e+01
	1.195622852557830e+01
	5.889487013922354e-01

 847	1.008472800000998e-05
	1.033671617675099e+01
	1.195730998616250e+01
	6.102442932757910e-01

 848	1.008482800000998e-05
	1.034737735439017e+01
	1.195837785404751e+01
	6.313635694197284e-01

 849	1.008492800000998e-05
	1.035735637182661e+01
	1.195942983538184e+01
	6.523196848561121e-01

 850	1.008502800000998e-05
	1.036667175926713e+01
	1.196046373852745e+01
	6.731250957934802e-01

 851	1.008512800000998e-05
	1.037534398825824e+01
	1.196147748411258e+01
	6.937915509290238e-01

 852	1.008522800000998e-05
	1.038339521261223e+01
	1.196246911176445e+01
	7.143300867501312e-01

 853	1.008532800000998e-05
	1.039084902369886e+01
	1.196343678387711e+01
	7.347510264221413e-01

 854	1.008542800000998e-05
	1.039773021879870e+01
	1.196437878833313e+01
	7.550639821583589e-01

 855	1.008552800000999e-05
	1.040406428660399e+01
	1.196529389247910e+01
	7.752779239629115e-01

 856	1.008562800000999e-05
	1.040987684402440e+01
	1.196618186340842e+01
	7.954012977093115e-01

 857	1.008572800000999e-05
	1.041519401209018e+01
	1.196704279927657e+01
	8.154419669796753e-01

 858	1.008582800000999e-05
	1.042004216210307e+01
	1.196787683942039e+01
	8.354072060087998e-01

 859	1.008592800000999e-05
	1.042444776171410e+01
	1.196868419308317e+01
	8.553037205965794e-01

 860	1.008602800000999e-05
	1.042843718143800e+01
	1.196946509798041e+01
	8.751376662311174e-01

 861	1.008612800000999e-05
	1.043203658187681e+01
	1.197021982561169e+01
	8.949146682438092e-01

 862	1.008622800000999e-05
	1.043527178965873e+01
	1.197094865623316e+01
	9.146398408228467e-01

 863	1.008632800000999e-05
	1.043816820902920e+01
	1.197165186384690e+01
	9.343178059377304e-01

 864	1.008642800000999e-05
	1.044075074314436e+01
	1.197232967925055e+01
	9.539527099398679e-01

 865	1.008652800000999e-05
	1.044304374725961e+01
	1.197298223624048e+01
	9.735482364092443e-01

 866	1.008662800000999e-05
	1.044507101505541e+01
	1.197360947351911e+01
	9.931076113587811e-01

 867	1.008672800000999e-05
	1.044685582384548e+01
	1.197421096510212e+01
	1.012633594838170e+00

 868	1.008682800000999e-05
	1.044842107139634e+01
	1.197478561809925e+01
	1.032128447933768e+00

 869	1.008692800000999e-05
	1.044978957081126e+01
	1.197533113693666e+01
	1.051593856017124e+00

 870	1.008702800000999e-05
	1.045098461682122e+01
	1.197584307090143e+01
	1.071030774231114e+00

 871	1.008712800000999e-05
	1.045203102638452e+01
	1.197631312465956e+01
	1.090439135356447e+00

 872	1.008722800000999e-05
	1.045295700772797e+01
	1.197672616842178e+01
	1.109817314969027e+00

 873	1.008732800000999e-05
	1.045379747304375e+01
	1.197705496984423e+01
	1.129161171050111e+00

 874	1.008742800000999e-05
	1.045459984274067e+01
	1.197725097423632e+01
	1.148462344364688e+00

 875	1.008752800000999e-05
	1.045543407265444e+01
	1.197722834828918e+01
	1.167705294848295e+00

 876	1.008762800000999e-05
	1.045640960213182e+01
	1.197683688259942e+01
	1.186862235703495e+00

 877	1.008772800000999e-05
	1.045770294956002e+01
	1.197581746433220e+01
	1.205884742209710e+00

 878	1.008782800000999e-05
	1.045959971142189e+01
	1.197373310869827e+01
	1.224690585082002e+00

 879	1.008792800000999e-05
	1.046255065839652e+01
	1.196987342257747e+01
	1.243145013088510e+00

 880	1.008802800000999e-05
	1.046722737524914e+01
	1.196315036487464e+01
	1.261038915983249e+00

 881	1.008812800000999e-05
	1.047453395356157e+01
	1.195204823600614e+01
	1.278073835196797e+00

 882	1.008822800000999e-05
	1.048550527030992e+01
	1.193474421905729e+01
	1.293873110058638e+00

 883	1.008832800000999e-05
	1.050106047329645e+01
	1.190949422140202e+01
	1.308035939929277e+00

 884	1.008842800000999e-05
	1.052171911948184e+01
	1.187519310440406e+01
	1.320222106839013e+00

 885	1.008852800000999e-05
	1.054748966347021e+01
	1.183178852551943e+01
	1.330219144254653e+00

 886	1.008862800000999e-05
	1.057801612070172e+01
	1.178025840587174e+01
	1.337949294197247e+00

 887	1.008872800000999e-05
	1.061283855287346e+01
	1.172218496987357e+01
	1.343422215155123e+00

 888	1.008882800000999e-05
	1.065157146110328e+01
	1.165922468414774e+01
	1.346674882924595e+00

 889	1.008892800000999e-05
	1.069393831609217e+01
	1.159274790081573e+01
	1.347732299893579e+00

 890	1.008902800000999e-05
	1.073972267444288e+01
	1.152372151346207e+01
	1.346595190925173e+00

 891	1.008912800000999e-05
	1.078871103021024e+01
	1.145275524950561e+01
	1.343244075943383e+00

 892	1.008922800000999e-05
	1.084065899573348e+01
	1.138020716881130e+01
	1.337648508485103e+00

 893	1.008932800000999e-05
	1.089527850778051e+01
	1.130628614142055e+01
	1.329775828123679e+00

 894	1.008942800000999e-05
	1.095223518959756e+01
	1.123113002708077e+01
	1.319597947363860e+00

 895	1.008952800000999e-05
	1.101114826740003e+01
	1.115485883887652e+01
	1.307096390209717e+00

 896	1.008962800000999e-05
	1.107158978863124e+01
	1.107760877621516e+01
	1.292266177912665e+00

 897	1.008972800000999e-05
	1.113308262294289e+01
	1.099955349338248e+01
	1.275119068435528e+00

 898	1.008982800000999e-05
	1.119509822603919e+01
	1.092091737500711e+01
	1.255686437885647e+00

 899	1.008992800000999e-05
	1.125705608389377e+01
	1.084198358735190e+01
	1.234021848522102e+00

 900	1.009002800000999e-05
	1.131832746503755e+01
	1.076309786983819e+01
	1.210203106714480e+00

 901	1.009012800001000e-05
	1.137824656322314e+01
	1.068466764300723e+01
	1.184333394859089e+00

 902	1.009022800001000e-05
	1.143613192836223e+01
	1.060715520332678e+01
	1.156540911838578e+00

 903	1.009032800001000e-05
	1.149131964645625e+01
	1.053106380529288e+01
	1.126976467052422e+00

 904	1.009042800001000e-05
	1.154320659060823e+01
	1.045691653709427e+01
	1.095808744519415e+00

 905	1.009052800001000e-05
	1.159129763929958e+01
	1.038522996530173e+01
	1.063217509706659e+00

 906	1.009062800001000e-05
	1.163524683942973e+01
	1.031648674778129e+01
	1.029385715361697e+00

 907	1.009072800001000e-05
	1.167488170913187e+01
	1.025111244630300e+01
	9.944919374812615e-01

 908	1.009082800001000e-05
	1.171020380187886e+01
	1.018946064119644e+01
	9.587045193767367e-01

 909	1.009092800001000e-05
	1.174136599566848e+01
	1.013180755853078e+01
	9.221781918119705e-01

 910	1.009102800001000e-05
	1.176863398403820e+01
	1.007835442531504e+01
	8.850531007194322e-01

 911	1.009112800001000e-05
	1.179234265709479e+01
	1.002923425677937e+01
	8.474555510983448e-01

 912	1.009122800001000e-05
	1.181285670822048e+01
	9.984520071309122e+00
	8.094995921667330e-01

 913	1.009132800001000e-05
	1.183054076208809e+01
	9.944232779824040e+00
	7.712887458531601e-01

 914	1.009142800001000e-05
	1.184574015872595e+01
	9.908348185238914e+00
	7.329174926235413e-01

 915	1.009152800001000e-05
	1.185877081478531e+01
	9.876803169619686e+00
	6.944723936954831e-01

 916	1.009162800001000e-05
	1.186991554806657e+01
	9.849501300320707e+00
	6.560328804966904e-01

 917	1.009172800001000e-05
	1.187942436211372e+01
	9.826318010158300e+00
	6.176717970297676e-01

 918	1.009182800001000e-05
	1.188751679629441e+01
	9.807105399705877e+00
	5.794557808611729e-01

 919	1.009192800001000e-05
	1.189438511349292e+01
	9.791696650110287e+00
	5.414455482423091e-01

 920	1.009202800001000e-05
	1.190019762591984e+01
	9.779910023240777e+00
	5.036961269639448e-01

 921	1.009212800001000e-05
	1.190510181160886e+01
	9.771552439340153e+00
	4.662570636307242e-01

 922	1.009222800001000e-05
	1.190922708159058e+01
	9.766422641177819e+00
	4.291726208306101e-01

 923	1.009232800001000e-05
	1.191268716752175e+01
	9.764313968469665e+00
	3.924819728374738e-01

 924	1.009242800001000e-05
	1.191558215114081e+01
	9.765016774726947e+00
	3.562194044933404e-01

 925	1.009252800001000e-05
	1.191800017701592e+01
	9.768320521762512e+00
	3.204145156169211e-01

 926	1.009262800001000e-05
	1.192001889665750e+01
	9.774015585378759e+00
	2.850924316401917e-01

 927	1.009272800001000e-05
	1.192170739705000e+01
	9.781894364870144e+00
	2.502739171060113e-01

 928	1.009282800001000e-05
	1.192312793910951e+01
	9.791752245067739e+00
	2.159754639842133e-01

 929	1.009292800001000e-05
	1.192433478962208e+01
	9.803389906586602e+00
	1.822097402996972e-01

 930	1.009302800001000e-05
	1.192537444350641e+01
	9.816614173865261e+00
	1.489859006272749e-01

 931	1.009312800001000e-05
	1.192628661748931e+01
	9.831238779697955e+00
	1.163098323327962e-01

 932	1.009322800001000e-05
	1.192710495856773e+01
	9.847084988626118e+00
	8.418441216881623e-02

 933	1.009332800001000e-05
	1.192785779917909e+01
	9.863982156772018e+00
	5.260975296444226e-02

 934	1.009342800001000e-05
	1.192856875946975e+01
	9.881768127563504e+00
	2.158344814864277e-02

 935	1.009352800001000e-05
	1.192925733238821e+01
	9.900289536506317e+00
	-8.899192784723509e-03

 936	1.009362800001000e-05
	1.192993937987060e+01
	9.919401996427617e+00
	-3.884491533953427e-02

 937	1.009372800001000e-05
	1.193062759530716e+01
	9.938970200817710e+00
	-6.826230044011128e-02

 938	1.009382800001000e-05
	1.193133190757620e+01
	9.958867940380253e+00
	-9.716155355832345e-02

 939	1.009392800001000e-05
	1.193205984994945e+01
	9.978978053214545e+00
	-1.255543038001246e-01

 940	1.009402800001000e-05
	1.193281688652024e+01
	9.999192311769161e+00
	-1.534534128590377e-01

 941	1.009412800001000e-05
	1.193360670679693e+01
	1.001941125912652e+01
	-1.808727943824664e-01

 942	1.009422800001000e-05
	1.193443148734248e+01
	1.003954400002352e+01
	-2.078272437456958e-01

 943	1.009432800001000e-05
	1.193529212597132e+01
	1.005950795526808e+01
	-2.343322784088988e-01

 944	1.009442800001000e-05
	1.193618844946651e+01
	1.007922858507985e+01
	-2.604039887847958e-01

 945	1.009452800001000e-05
	1.193711939815088e+01
	1.009863908778576e+01
	-2.860588995685018e-01

 946	1.009462800001000e-05
	1.193808318884534e+01
	1.011768007877431e+01
	-3.113138413551282e-01

 947	1.009472800001001e-05
	1.193907745853930e+01
	1.013629925464989e+01
	-3.361858323482156e-01

 948	1.009482800001001e-05
	1.194009939034563e+01
	1.015445104665931e+01
	-3.606919698903828e-01

 949	1.009492800001001e-05
	1.194114582352938e+01
	1.017209626720900e+01
	-3.848493315178556e-01

 950	1.009502800001001e-05
	1.194221334904953e+01
	1.018920175271465e+01
	-4.086748851974091e-01

 951	1.009512800001001e-05
	1.194329839206631e+01
	1.020574000569918e+01
	-4.321854083801540e-01

 952	1.009522800001001e-05
	1.194439728267533e+01
	1.022168883862872e+01
	-4.553974154812463e-01

 953	1.009532800001001e-05
	1.194550631607579e+01
	1.023703102166230e+01
	-4.783270933792436e-01

 954	1.009542800001001e-05
	1.194662180325445e+01
	1.025175393615938e+01
	-5.009902445158696e-01

 955	1.009552800001001e-05
	1.194774011319505e+01
	1.026584923551734e+01
	-5.234022371700142e-01

 956	1.009562800001001e-05
	1.194885770752758e+01
	1.027931251465081e+01
	-5.455779624757864e-01

 957	1.009572800001001e-05
	1.194997116845921e+01
	1.029214298920199e+01
	-5.675317977543901e-01

 958	1.009582800001001e-05
	1.195107722074993e+01
	1.030434318536976e+01
	-5.892775757320519e-01

 959	1.009592800001001e-05
	1.195217274842815e+01
	1.031591864107139e+01
	-6.108285592212919e-01

 960	1.009602800001001e-05
	1.195325480687421e+01
	1.032687761899772e+01
	-6.321974208496832e-01

 961	1.009612800001001e-05
	1.195432063083772e+01
	1.033723083199249e+01
	-6.533962274287606e-01

 962	1.009622800001001e-05
	1.195536763889529e+01
	1.034699118107330e+01
	-6.744364285652975e-01

 963	1.009632800001001e-05
	1.195639343479903e+01
	1.035617350631733e+01
	-6.953288491275442e-01

 964	1.009642800001001e-05
	1.195739580611137e+01
	1.036479435075564e+01
	-7.160836851897574e-01

 965	1.009652800001001e-05
	1.195837272046809e+01
	1.037287173735414e+01
	-7.367105030889862e-01

 966	1.009662800001001e-05
	1.195932248959610e+01
	1.038042486268857e+01
	-7.572182659875000e-01

 967	1.009672800001001e-05
	1.196024443960859e+01
	1.038747353039470e+01
	-7.776154445264793e-01

 968	1.009682800001001e-05
	1.196113841975429e+01
	1.039403826020524e+01
	-7.979099947713939e-01

 969	1.009692800001001e-05
	1.196200438471830e+01
	1.040014013825711e+01
	-8.181093416008607e-01

 970	1.009702800001001e-05
	1.196284239751953e+01
	1.040580064957942e+01
	-8.382203942132544e-01

 971	1.009712800001001e-05
	1.196365259448925e+01
	1.041104150564730e+01
	-8.582495618491457e-01

 972	1.009722800001001e-05
	1.196443518284970e+01
	1.041588451690766e+01
	-8.782027706782187e-01

 973	1.009732800001001e-05
	1.196519041775448e+01
	1.042035146852431e+01
	-8.980854803829390e-01

 974	1.009742800001001e-05
	1.196591858777046e+01
	1.042446401841051e+01
	-9.179027009890006e-01

 975	1.009752800001001e-05
	1.196661998672665e+01
	1.042824360544569e+01
	-9.376590087504126e-01

 976	1.009762800001001e-05
	1.196729487731678e+01
	1.043171137718539e+01
	-9.573585603912389e-01

 977	1.009772800001001e-05
	1.196794342979852e+01
	1.043488813683917e+01
	-9.770051038019067e-01

 978	1.009782800001001e-05
	1.196856562230962e+01
	1.043779431991923e+01
	-9.966019824296863e-01

 979	1.009792800001001e-05
	1.196916107000682e+01
	1.044045001303283e+01
	-1.016152128358329e+00

 980	1.009802800001001e-05
	1.196972873136123e+01
	1.044287504061136e+01
	-1.035658035591351e+00

 981	1.009812800001001e-05
	1.197026639829546e+01
	1.044508916273795e+01
	-1.055121698724035e+00

 982	1.009822800001001e-05
	1.197076980979977e+01
	1.044711246079723e+01
	-1.074544491345745e+00

 983	1.009832800001001e-05
	1.197123110969154e+01
	1.044896604359062e+01
	-1.093926939656420e+00

 984	1.009842800001001e-05
	1.197163616685720e+01
	1.045067330362783e+01
	-1.113268314413646e+00

 985	1.009852800001001e-05
	1.197195993209960e+01
	1.045226211694331e+01
	-1.132565909236398e+00

 986	1.009862800001001e-05
	1.197215843445717e+01
	1.045376865130689e+01
	-1.151813781309501e+00

 987	1.009872800001001e-05
	1.197215510518431e+01
	1.045524387975909e+01
	-1.171000581897461e+00

 988	1.009882800001001e-05
	1.197181775627754e+01
	1.045676453284410e+01
	-1.190105878519855e+00

 989	1.009892800001001e-05
	1.197092081596971e+01
	1.045845100789800e+01
	-1.209094071026044e+00

 990	1.009902800001001e-05
	1.196908614109120e+01
	1.046049526615567e+01
	-1.227904730925276e+00

 991	1.009912800001001e-05
	1.196569768303203e+01
	1.046320058734075e+01
	-1.246438328051674e+00

 992	1.009922800001002e-05
	1.195979726950382e+01
	1.046702895475700e+01
	-1.264537809271957e+00

 993	1.009932800001002e-05
	1.195000122254163e+01
	1.047263627493207e+01
	-1.281970898373154e+00

 994	1.009942800001002e-05
	1.193453076944302e+01
	1.048085249053679e+01
	-1.298425576456110e+00

 995	1.009952800001002e-05
	1.191147642914714e+01
	1.049255903249096e+01
	-1.313535902335061e+00

 996	1.009962800001002e-05
	1.187931611300146e+01
	1.050847585370299e+01
	-1.326943384665096e+00

 997	1.009972800001002e-05
	1.183746595332797e+01
	1.052897671029258e+01
	-1.338368361167300e+00

 998	1.009982800001002e-05
	1.178650252799079e+01
	1.055406851515985e+01
	-1.347647591376537e+00

 999	1.009992800001002e-05
	1.172789397249568e+01
	1.058353337400623e+01
	-1.354718264299861e+00

 1000	1.010000000000000e-05
	1.168192062319321e+01
	1.060730793440310e+01
	-1.358434977832100e+00

