Title: *** simple.cir ***
Date: Thu Mar 12 15:00:14  2015
Plotname: Transient Analysis
Flags: real
No. Variables: 4
No. Points: 1001
Variables:
	0	time	time
	1	v(c1)	voltage
	2	v(c2)	voltage
	3	v(e1)-v(e2)	notype
Values:
 0	1.000002800000980e-05
	-8.744181513430532e-01
	-3.097440603558682e-01
	1.485782860662321e-01

 1	1.000012800000980e-05
	-8.727264170158324e-01
	-3.101501143729267e-01
	1.495186136618014e-01

 2	1.000022800000980e-05
	-8.710255044655736e-01
	-3.105776902898182e-01
	1.504458688093990e-01

 3	1.000032800000980e-05
	-8.693150768187560e-01
	-3.110275297548510e-01
	1.513600295876341e-01

 4	1.000042800000980e-05
	-8.675947711195491e-01
	-3.115003941539328e-01
	1.522610693176714e-01

 5	1.000052800000980e-05
	-8.658641984379577e-01
	-3.119970642537431e-01
	1.531489564331441e-01

 6	1.000062800000980e-05
	-8.641229440118041e-01
	-3.125183397773656e-01
	1.540236543532698e-01

 7	1.000072800000980e-05
	-8.623705674238883e-01
	-3.130650389099653e-01
	1.548851213595599e-01

 8	1.000082800000980e-05
	-8.606066028170273e-01
	-3.136379977341379e-01
	1.557333104765406e-01

 9	1.000092800000980e-05
	-8.588305591500859e-01
	-3.142380695955406e-01
	1.565681693568850e-01

 10	1.000102800000980e-05
	-8.570419204951102e-01
	-3.148661243970370e-01
	1.573896401713792e-01

 11	1.000112800000980e-05
	-8.552401463799899e-01
	-3.155230478247561e-01
	1.581976595041468e-01

 12	1.000122800000980e-05
	-8.534246721760215e-01
	-3.162097405051047e-01
	1.589921582535405e-01

 13	1.000132800000980e-05
	-8.515949095333307e-01
	-3.169271170962731e-01
	1.597730615391186e-01

 14	1.000142800000980e-05
	-8.497502468648521e-01
	-3.176761053164471e-01
	1.605402886151102e-01

 15	1.000152800000980e-05
	-8.478900498801715e-01
	-3.184576449123991e-01
	1.612937527907601e-01

 16	1.000162800000980e-05
	-8.460136621694933e-01
	-3.192726865720600e-01
	1.620333613579299e-01

 17	1.000172800000980e-05
	-8.441204058385390e-01
	-3.201221907861500e-01
	1.627590155263055e-01

 18	1.000182800000980e-05
	-8.422095821946071e-01
	-3.210071266643777e-01
	1.634706103665482e-01

 19	1.000192800000980e-05
	-8.402804724824789e-01
	-3.219284707110674e-01
	1.641680347616932e-01

 20	1.000202800000980e-05
	-8.383323386715255e-01
	-3.228872055685728e-01
	1.648511713670646e-01

 21	1.000212800000980e-05
	-8.363644242911689e-01
	-3.238843187334818e-01
	1.655198965789513e-01

 22	1.000222800000980e-05
	-8.343759553145305e-01
	-3.249208012540884e-01
	1.661740805122416e-01

 23	1.000232800000980e-05
	-8.323661410885671e-01
	-3.259976464167040e-01
	1.668135869871832e-01

 24	1.000242800000980e-05
	-8.303341753085447e-01
	-3.271158484284635e-01
	1.674382735253874e-01

 25	1.000252800000980e-05
	-8.282792370347807e-01
	-3.282764011048070e-01
	1.680479913551545e-01

 26	1.000262800000980e-05
	-8.262004917493019e-01
	-3.294802965698837e-01
	1.686425854261584e-01

 27	1.000272800000980e-05
	-8.240970924493868e-01
	-3.307285239775288e-01
	1.692218944334760e-01

 28	1.000282800000980e-05
	-8.219681807756237e-01
	-3.320220682611592e-01
	1.697857508509042e-01

 29	1.000292800000980e-05
	-8.198128881704965e-01
	-3.333619089192157e-01
	1.703339809734730e-01

 30	1.000302800000980e-05
	-8.176303370652244e-01
	-3.347490188441003e-01
	1.708664049690087e-01

 31	1.000312800000980e-05
	-8.154196420909126e-01
	-3.361843632005029e-01
	1.713828369385619e-01

 32	1.000322800000980e-05
	-8.131799113101608e-01
	-3.376688983584594e-01
	1.718830849854887e-01

 33	1.000332800000980e-05
	-8.109102474673306e-01
	-3.392035708877729e-01
	1.723669512929291e-01

 34	1.000342800000980e-05
	-8.086097492523117e-01
	-3.407893166161293e-01
	1.728342322094014e-01

 35	1.000352800000981e-05
	-8.062775125756165e-01
	-3.424270597552919e-01
	1.732847183422010e-01

 36	1.000362800000981e-05
	-8.039126318510874e-01
	-3.441177120971147e-01
	1.737181946582749e-01

 37	1.000372800000981e-05
	-8.015142012841980e-01
	-3.458621722815103e-01
	1.741344405922289e-01

 38	1.000382800000981e-05
	-7.990813161619783e-01
	-3.476613251353528e-01
	1.745332301611096e-01

 39	1.000392800000981e-05
	-7.966130741435886e-01
	-3.495160410830188e-01
	1.749143320855966e-01

 40	1.000402800000981e-05
	-7.941085765480944e-01
	-3.514271756253750e-01
	1.752775099172470e-01

 41	1.000412800000981e-05
	-7.915669296386427e-01
	-3.533955688854704e-01
	1.756225221714400e-01

 42	1.000422800000981e-05
	-7.889872459015421e-01
	-3.554220452170770e-01
	1.759491224656728e-01

 43	1.000432800000981e-05
	-7.863686453186609e-01
	-3.575074128709413e-01
	1.762570596628845e-01

 44	1.000442800000981e-05
	-7.837102566332678e-01
	-3.596524637140897e-01
	1.765460780195029e-01

 45	1.000452800000981e-05
	-7.810112186089792e-01
	-3.618579729959857e-01
	1.768159173379344e-01

 46	1.000462800000981e-05
	-7.782706812817657e-01
	-3.641246991545232e-01
	1.770663131232499e-01

 47	1.000472800000981e-05
	-7.754878072061488e-01
	-3.664533836551817e-01
	1.772969967438529e-01

 48	1.000482800000981e-05
	-7.726617726963173e-01
	-3.688447508553864e-01
	1.775076955959505e-01

 49	1.000492800000981e-05
	-7.697917690640443e-01
	-3.712995078865756e-01
	1.776981332716976e-01

 50	1.000502800000981e-05
	-7.668770038549723e-01
	-3.738183445456009e-01
	1.778680297309174e-01

 51	1.000512800000981e-05
	-7.639167020859369e-01
	-3.764019331876750e-01
	1.780171014763430e-01

 52	1.000522800000981e-05
	-7.609101074852416e-01
	-3.790509286120393e-01
	1.781450617323865e-01

 53	1.000532800000981e-05
	-7.578564837400834e-01
	-3.817659679335004e-01
	1.782516206274720e-01

 54	1.000542800000981e-05
	-7.547551157528465e-01
	-3.845476704303675e-01
	1.783364853800187e-01

 55	1.000552800000981e-05
	-7.516053109114001e-01
	-3.873966373627491e-01
	1.783993604882150e-01

 56	1.000562800000981e-05
	-7.484064003757598e-01
	-3.903134517523653e-01
	1.784399479237613e-01

 57	1.000572800000981e-05
	-7.451577403860952e-01
	-3.932986781177921e-01
	1.784579473298056e-01

 58	1.000582800000981e-05
	-7.418587135962668e-01
	-3.963528621584422e-01
	1.784530562233417e-01

 59	1.000592800000981e-05
	-7.385087304364044e-01
	-3.994765303800915e-01
	1.784249702023817e-01

 60	1.000602800000981e-05
	-7.351072305098945e-01
	-4.026701896569786e-01
	1.783733831582586e-01

 61	1.000612800000981e-05
	-7.316536840293670e-01
	-4.059343267249765e-01
	1.782979874934458e-01

 62	1.000622800000981e-05
	-7.281475932959147e-01
	-4.092694076002558e-01
	1.781984743453244e-01

 63	1.000632800000981e-05
	-7.245884942264755e-01
	-4.126758769190308e-01
	1.780745338163618e-01

 64	1.000642800000981e-05
	-7.209759579345467e-01
	-4.161541571945100e-01
	1.779258552112042e-01

 65	1.000652800000981e-05
	-7.173095923685383e-01
	-4.197046479866252e-01
	1.777521272812077e-01

 66	1.000662800000981e-05
	-7.135890440128013e-01
	-4.233277249813249e-01
	1.775530384769701e-01

 67	1.000672800000981e-05
	-7.098139996560912e-01
	-4.270237389762111e-01
	1.773282772094551e-01

 68	1.000682800000981e-05
	-7.059841882325076e-01
	-4.307930147699687e-01
	1.770775321203168e-01

 69	1.000692800000981e-05
	-7.020993827382138e-01
	-4.346358499516876e-01
	1.768004923620659e-01

 70	1.000702800000981e-05
	-6.981594022306720e-01
	-4.385525135899588e-01
	1.764968478887416e-01

 71	1.000712800000981e-05
	-6.941641139124274e-01
	-4.425432448172484e-01
	1.761662897577687e-01

 72	1.000722800000981e-05
	-6.901134353049194e-01
	-4.466082513089353e-01
	1.758085104437015e-01

 73	1.000732800000981e-05
	-6.860073365165774e-01
	-4.507477076555250e-01
	1.754232041645762e-01

 74	1.000742800000981e-05
	-6.818458426077533e-01
	-4.549617536252162e-01
	1.750100672215997e-01

 75	1.000752800000981e-05
	-6.776290360568837e-01
	-4.592504923163657e-01
	1.745687983529307e-01

 76	1.000762800000981e-05
	-6.733570593310766e-01
	-4.636139881985889e-01
	1.740990991023104e-01

 77	1.000772800000981e-05
	-6.690301175629498e-01
	-4.680522650404088e-01
	1.736006742033096e-01

 78	1.000782800000981e-05
	-6.646484813375563e-01
	-4.725653037239759e-01
	1.730732319799717e-01

 79	1.000792800000981e-05
	-6.602124895893303e-01
	-4.771530399441107e-01
	1.725164847646292e-01

 80	1.000802800000982e-05
	-6.557225526123699e-01
	-4.818153617930741e-01
	1.719301493336811e-01

 81	1.000812800000982e-05
	-6.511791551832663e-01
	-4.865521072292571e-01
	1.713139473621075e-01

 82	1.000822800000982e-05
	-6.465828597960797e-01
	-4.913630614292258e-01
	1.706676058974961e-01

 83	1.000832800000982e-05
	-6.419343100100744e-01
	-4.962479540249044e-01
	1.699908578543501e-01

 84	1.000842800000982e-05
	-6.372342339065385e-01
	-5.012064562245105e-01
	1.692834425294221e-01

 85	1.000852800000982e-05
	-6.324834476522135e-01
	-5.062381778186744e-01
	1.685451061388048e-01

 86	1.000862800000982e-05
	-6.276828591650868e-01
	-5.113426640730517e-01
	1.677756023774823e-01

 87	1.000872800000982e-05
	-6.228334718761539e-01
	-5.165193925086122e-01
	1.669746930020066e-01

 88	1.000882800000982e-05
	-6.179363885802086e-01
	-5.217677695724272e-01
	1.661421484369234e-01

 89	1.000892800000982e-05
	-6.129928153657422e-01
	-5.270871272014124e-01
	1.652777484055221e-01

 90	1.000902800000982e-05
	-6.080040656126937e-01
	-5.324767192830241e-01
	1.643812825854143e-01

 91	1.000912800000982e-05
	-6.029715640442749e-01
	-5.379357180176505e-01
	1.634525512893736e-01

 92	1.000922800000982e-05
	-5.978968508164274e-01
	-5.434632101885088e-01
	1.624913661717815e-01

 93	1.000932800000982e-05
	-5.927815856250730e-01
	-5.490581933456163e-01
	1.614975509609153e-01

 94	1.000942800000982e-05
	-5.876275518091885e-01
	-5.547195719129129e-01
	1.604709422171924e-01

 95	1.000952800000982e-05
	-5.824366604229516e-01
	-5.604461532280259e-01
	1.594113901173424e-01

 96	1.000962800000982e-05
	-5.772109542463674e-01
	-5.662366435261068e-01
	1.583187592643172e-01

 97	1.000972800000982e-05
	-5.719526117006872e-01
	-5.720896438823919e-01
	1.571929295225645e-01

 98	1.000982800000982e-05
	-5.666639506281996e-01
	-5.780036461284805e-01
	1.560337968780705e-01

 99	1.000992800000982e-05
	-5.613474318923145e-01
	-5.839770287612119e-01
	1.548412743223335e-01

 100	1.001002800000982e-05
	-5.560056627472588e-01
	-5.900080528648474e-01
	1.536152927591741e-01

 101	1.001012800000982e-05
	-5.506413999216303e-01
	-5.960948580710937e-01
	1.523558019329632e-01

 102	1.001022800000982e-05
	-5.452575523528961e-01
	-6.022354585839959e-01
	1.510627713765080e-01

 103	1.001032800000982e-05
	-5.398571835029274e-01
	-6.084277393000161e-01
	1.497361913764723e-01

 104	1.001042800000982e-05
	-5.344435131793873e-01
	-6.146694520590726e-01
	1.483760739537718e-01

 105	1.001052800000982e-05
	-5.290199187783111e-01
	-6.209582120641045e-01
	1.469824538559208e-01

 106	1.001062800000982e-05
	-5.235899358572479e-01
	-6.272914945122733e-01
	1.455553895578143e-01

 107	1.001072800000982e-05
	-5.181572579411859e-01
	-6.336666314855059e-01
	1.440949642668707e-01

 108	1.001082800000982e-05
	-5.127257354564316e-01
	-6.400808091525406e-01
	1.426012869278694e-01

 109	1.001092800000982e-05
	-5.072993736797666e-01
	-6.465310653380888e-01
	1.410744932221863e-01

 110	1.001102800000982e-05
	-5.018823295872827e-01
	-6.530142875220872e-01
	1.395147465554549e-01

 111	1.001112800000982e-05
	-4.964789074800141e-01
	-6.595272113341707e-01
	1.379222390269734e-01

 112	1.001122800000982e-05
	-4.910935532612920e-01
	-6.660664196138181e-01
	1.362971923734477e-01

 113	1.001132800000982e-05
	-4.857308472408902e-01
	-6.726283421120222e-01
	1.346398588789000e-01

 114	1.001142800000982e-05
	-4.803954953392454e-01
	-6.792092559110412e-01
	1.329505222418073e-01

 115	1.001152800000982e-05
	-4.750923185716672e-01
	-6.858052866440469e-01
	1.312294983897901e-01

 116	1.001162800000982e-05
	-4.698262406998657e-01
	-6.924124105981853e-01
	1.294771362314195e-01

 117	1.001172800000982e-05
	-4.646022739468140e-01
	-6.990264577822697e-01
	1.276938183340368e-01

 118	1.001182800000982e-05
	-4.594255026926233e-01
	-7.056431160446527e-01
	1.258799615158410e-01

 119	1.001192800000982e-05
	-4.543010650845506e-01
	-7.122579363182570e-01
	1.240360173399719e-01

 120	1.001202800000982e-05
	-4.492341325260911e-01
	-7.188663390695659e-01
	1.221624724979216e-01

 121	1.001212800000982e-05
	-4.442298870415186e-01
	-7.254636220195290e-01
	1.202598490693334e-01

 122	1.001222800000982e-05
	-4.392934965505439e-01
	-7.320449691935921e-01
	1.183287046452084e-01

 123	1.001232800000982e-05
	-4.344300881358983e-01
	-7.386054613481069e-01
	1.163696323016938e-01

 124	1.001242800000982e-05
	-4.296447194354929e-01
	-7.451400878022042e-01
	1.143832604120547e-01

 125	1.001252800000982e-05
	-4.249423483484681e-01
	-7.516437596869081e-01
	1.123702522851584e-01

 126	1.001262800000983e-05
	-4.203278013063058e-01
	-7.581113246026788e-01
	1.103313056198432e-01

 127	1.001272800000983e-05
	-4.158057404204230e-01
	-7.645375826491069e-01
	1.082671517659328e-01

 128	1.001282800000983e-05
	-4.113806298850800e-01
	-7.709173037668140e-01
	1.061785547844223e-01

 129	1.001292800000983e-05
	-4.070567020750518e-01
	-7.772452463006322e-01
	1.040663103014667e-01

 130	1.001302800000983e-05
	-4.028379238353133e-01
	-7.835161766624118e-01
	1.019312441532958e-01

 131	1.001312800000983e-05
	-3.987279635128507e-01
	-7.897248899427447e-01
	9.977421082197813e-02

 132	1.001322800000983e-05
	-3.947301593183861e-01
	-7.958662312875527e-01
	9.759609166506023e-02

 133	1.001332800000983e-05
	-3.908474896352056e-01
	-8.019351178292576e-01
	9.539779294545081e-02

 134	1.001342800000983e-05
	-3.870825458996315e-01
	-8.079265609330269e-01
	9.318024367139399e-02

 135	1.001352800000983e-05
	-3.834375086710924e-01
	-8.138356884986598e-01
	9.094439325995518e-02

 136	1.001362800000983e-05
	-3.799141274778113e-01
	-8.196577670396417e-01
	8.869120904095551e-02

 137	1.001372800000983e-05
	-3.765137049727267e-01
	-8.253882232503960e-01
	8.642167362165454e-02

 138	1.001382800000983e-05
	-3.732370858607784e-01
	-8.310226647693093e-01
	8.413678213559717e-02

 139	1.001392800000983e-05
	-3.700846509626755e-01
	-8.365568998474641e-01
	8.183753940173721e-02

 140	1.001402800000983e-05
	-3.670563166698694e-01
	-8.419869556470346e-01
	7.952495702216034e-02

 141	1.001412800000983e-05
	-3.641515399155391e-01
	-8.473090949102896e-01
	7.720005044835077e-02

 142	1.001422800000983e-05
	-3.613693286532452e-01
	-8.525198307709393e-01
	7.486383604687674e-02

 143	1.001432800000983e-05
	-3.587082576914715e-01
	-8.576159395109448e-01
	7.251732819558931e-02

 144	1.001442800000983e-05
	-3.561664895961357e-01
	-8.625944711082159e-01
	7.016153644089540e-02

 145	1.001452800000983e-05
	-3.537418002409931e-01
	-8.674527574628725e-01
	6.779746274538700e-02

 146	1.001462800000983e-05
	-3.514316084715007e-01
	-8.721884182385826e-01
	6.542609885314699e-02

 147	1.001472800000983e-05
	-3.492330092492978e-01
	-8.767993643019750e-01
	6.304842379744624e-02

 148	1.001482800000983e-05
	-3.471428095706200e-01
	-8.812837987902821e-01
	6.066540157241418e-02

 149	1.001492800000983e-05
	-3.451575664038891e-01
	-8.856402158818359e-01
	5.827797898671827e-02

 150	1.001502800000983e-05
	-3.432736258706525e-01
	-8.898673973845466e-01
	5.588708371345730e-02

 151	1.001512800000983e-05
	-3.414871628998598e-01
	-8.939644072927707e-01
	5.349362254648504e-02

 152	1.001522800000983e-05
	-3.397942206151842e-01
	-8.979305844908698e-01
	5.109847986938698e-02

 153	1.001532800000983e-05
	-3.381907487702305e-01
	-9.017655338058589e-01
	4.870251633945255e-02

 154	1.001542800000983e-05
	-3.366726406167961e-01
	-9.054691156256364e-01
	4.630656778532893e-02

 155	1.001552800000983e-05
	-3.352357676778311e-01
	-9.090414343084282e-01
	4.391144431370853e-02

 156	1.001562800000983e-05
	-3.338760119919154e-01
	-9.124828256112737e-01
	4.151792961747525e-02

 157	1.001572800000983e-05
	-3.325892954960785e-01
	-9.157938433618262e-01
	3.912678047525020e-02

 158	1.001582800000983e-05
	-3.313716063134534e-01
	-9.189752455888731e-01
	3.673872643026410e-02

 159	1.001592800000983e-05
	-3.302190218085769e-01
	-9.220279803140942e-01
	3.435446963496647e-02

 160	1.001602800000983e-05
	-3.291277283634002e-01
	-9.249531711927216e-01
	3.197468484671706e-02

 161	1.001612800000983e-05
	-3.280940379042384e-01
	-9.277521031697150e-01
	2.960001955930114e-02

 162	1.001622800000983e-05
	-3.271144012820286e-01
	-9.304262083020135e-01
	2.723109425479997e-02

 163	1.001632800000983e-05
	-3.261854186616855e-01
	-9.329770518738647e-01
	2.486850276047559e-02

 164	1.001642800000983e-05
	-3.253038471212738e-01
	-9.354063189128144e-01
	2.251281269577987e-02

 165	1.001652800000983e-05
	-3.244666056959798e-01
	-9.377158011963121e-01
	2.016456599526784e-02

 166	1.001662800000983e-05
	-3.236707781181840e-01
	-9.399073848156354e-01
	1.782427949406085e-02

 167	1.001672800000983e-05
	-3.229136135211993e-01
	-9.419830383520454e-01
	1.549244556350526e-02

 168	1.001682800000983e-05
	-3.221925253721494e-01
	-9.439448017002422e-01
	1.316953278574395e-02

 169	1.001692800000983e-05
	-3.215050888955963e-01
	-9.457947755615639e-01
	1.085598665705412e-02

 170	1.001702800000983e-05
	-3.208490372401850e-01
	-9.475351116188594e-01
	8.552230310933329e-03

 171	1.001712800000984e-05
	-3.202222566226294e-01
	-9.491680033922083e-01
	6.258665253025431e-03

 172	1.001722800000984e-05
	-3.196227806658835e-01
	-9.506956777668611e-01
	3.975672101050876e-03

 173	1.001732800000984e-05
	-3.190487841290169e-01
	-9.521203871788156e-01
	1.703611323904397e-03

 174	1.001742800000984e-05
	-3.184985762037360e-01
	-9.534444024368472e-01
	-5.571760249813984e-04

 175	1.001752800000984e-05
	-3.179705935298848e-01
	-9.546700061542980e-01
	-2.806367584053060e-03

 176	1.001762800000984e-05
	-3.174633930644762e-01
	-9.557994867640454e-01
	-5.043658973118426e-03

 177	1.001772800000984e-05
	-3.169756449151008e-01
	-9.568351330844433e-01
	-7.268763098497999e-03

 178	1.001782800000984e-05
	-3.165061252321478e-01
	-9.577792294049112e-01
	-9.481409475845304e-03

 179	1.001792800000984e-05
	-3.160537092361365e-01
	-9.586340510583405e-01
	-1.168134357211414e-02

 180	1.001802800000984e-05
	-3.156173644414116e-01
	-9.594018604479373e-01
	-1.386832616771327e-02

 181	1.001812800000984e-05
	-3.151961441231267e-01
	-9.600849034959612e-01
	-1.604213273950394e-02

 182	1.001822800000984e-05
	-3.147891810626822e-01
	-9.606854064829077e-01
	-1.820255286497696e-02

 183	1.001832800000984e-05
	-3.143956815973623e-01
	-9.612055732476703e-01
	-2.034938964769006e-02

 184	1.001842800000984e-05
	-3.140149199889441e-01
	-9.616475827184900e-01
	-2.248245916383329e-02

 185	1.001852800000984e-05
	-3.136462331209020e-01
	-9.620135867480946e-01
	-2.460158992961547e-02

 186	1.001862800000984e-05
	-3.132890155261575e-01
	-9.623057082262902e-01
	-2.670662238903221e-02

 187	1.001872800000984e-05
	-3.129427147436892e-01
	-9.625260394463027e-01
	-2.879740842147616e-02

 188	1.001882800000984e-05
	-3.126068269970466e-01
	-9.626766407012834e-01
	-3.087381086857910e-02

 189	1.001892800000984e-05
	-3.122808931856822e-01
	-9.627595390898722e-01
	-3.293570307960847e-02

 190	1.001902800000984e-05
	-3.119644951779565e-01
	-9.627767275114694e-01
	-3.498296847472071e-02

 191	1.001912800000984e-05
	-3.116572523917810e-01
	-9.627301638320507e-01
	-3.701550012534494e-02

 192	1.001922800000984e-05
	-3.113588186495114e-01
	-9.626217702045841e-01
	-3.903320035096680e-02

 193	1.001932800000984e-05
	-3.110688792917280e-01
	-9.624534325281071e-01
	-4.103598033158606e-02

 194	1.001942800000984e-05
	-3.107871485342063e-01
	-9.622270000306344e-01
	-4.302375973511907e-02

 195	1.001952800000984e-05
	-3.105133670539645e-01
	-9.619442849640061e-01
	-4.499646635905385e-02

 196	1.001962800000984e-05
	-3.102472997884306e-01
	-9.616070623977266e-01
	-4.695403578566326e-02

 197	1.001972800000984e-05
	-3.099887339335167e-01
	-9.612170701012580e-01
	-4.889641105011489e-02

 198	1.001982800000984e-05
	-3.097374771263380e-01
	-9.607760085045870e-01
	-5.082354232084230e-02

 199	1.001992800000984e-05
	-3.094933557998089e-01
	-9.602855407286278e-01
	-5.273538659155808e-02

 200	1.002002800000984e-05
	-3.092562136951549e-01
	-9.597472926760565e-01
	-5.463190738432822e-02

 201	1.002012800000984e-05
	-3.090259105215090e-01
	-9.591628531762014e-01
	-5.651307446314435e-02

 202	1.002022800000984e-05
	-3.088023207507620e-01
	-9.585337741766370e-01
	-5.837886355745603e-02

 203	1.002032800000984e-05
	-3.085853325366469e-01
	-9.578615709747934e-01
	-6.022925609515495e-02

 204	1.002042800000984e-05
	-3.083748467494978e-01
	-9.571477224851789e-01
	-6.206423894452628e-02

 205	1.002052800000984e-05
	-3.081707761163611e-01
	-9.563936715359129e-01
	-6.388380416469941e-02

 206	1.002062800000984e-05
	-3.079730444586969e-01
	-9.556008251905878e-01
	-6.568794876416284e-02

 207	1.002072800000984e-05
	-3.077815860198466e-01
	-9.547705550911399e-01
	-6.747667446692196e-02

 208	1.002082800000984e-05
	-3.075963448750318e-01
	-9.539041978177931e-01
	-6.924998748589628e-02

 209	1.002092800000984e-05
	-3.074172744172799e-01
	-9.530030552626048e-01
	-7.100789830317833e-02

 210	1.002102800000984e-05
	-3.072443369140495e-01
	-9.520683950141791e-01
	-7.275042145678690e-02

 211	1.002112800000984e-05
	-3.070775031277741e-01
	-9.511014507494682e-01
	-7.447757533357091e-02

 212	1.002122800000984e-05
	-3.069167519962464e-01
	-9.501034226308500e-01
	-7.618938196792557e-02

 213	1.002132800000984e-05
	-3.067620703690801e-01
	-9.490754777070255e-01
	-7.788586684600451e-02

 214	1.002142800000984e-05
	-3.066134527937672e-01
	-9.480187503132943e-01
	-7.956705871512426e-02

 215	1.002152800000984e-05
	-3.064709013502417e-01
	-9.469343424718079e-01
	-8.123298939806167e-02

 216	1.002162800000984e-05
	-3.063344255291637e-01
	-9.458233242888046e-01
	-8.288369361196635e-02

 217	1.002172800000985e-05
	-3.062040421503988e-01
	-9.446867343467382e-01
	-8.451920879161490e-02

 218	1.002182800000985e-05
	-3.060797753205628e-01
	-9.435255800915149e-01
	-8.613957491674373e-02

 219	1.002192800000985e-05
	-3.059616564257003e-01
	-9.423408382121538e-01
	-8.774483434320901e-02

 220	1.002202800000985e-05
	-3.058497241573632e-01
	-9.411334550122782e-01
	-8.933503163772372e-02

 221	1.002212800000985e-05
	-3.057440245697444e-01
	-9.399043467720644e-01
	-9.091021341594141e-02

 222	1.002222800000985e-05
	-3.056446111668331e-01
	-9.386544001004911e-01
	-9.247042818365303e-02

 223	1.002232800000985e-05
	-3.055515450164247e-01
	-9.373844722756485e-01
	-9.401572618087384e-02

 224	1.002242800000985e-05
	-3.054648948910625e-01
	-9.360953915738494e-01
	-9.554615922860643e-02

 225	1.002252800000985e-05
	-3.053847374333959e-01
	-9.347879575857925e-01
	-9.706178057806492e-02

 226	1.002262800000985e-05
	-3.053111573449434e-01
	-9.334629415194357e-01
	-9.856264476216081e-02

 227	1.002272800000985e-05
	-3.052442475972107e-01
	-9.321210864891138e-01
	-1.000488074490522e-01

 228	1.002282800000985e-05
	-3.051841096640782e-01
	-9.307631077904459e-01
	-1.015203252975554e-01

 229	1.002292800000985e-05
	-3.051308537741498e-01
	-9.293896931603550e-01
	-1.029772558142383e-01

 230	1.002302800000985e-05
	-3.050845991823269e-01
	-9.280015030220116e-01
	-1.044196572120146e-01

 231	1.002312800000985e-05
	-3.050454744597120e-01
	-9.265991707144579e-01
	-1.058475882700538e-01

 232	1.002322800000985e-05
	-3.050136178003310e-01
	-9.251833027060394e-01
	-1.072611081948383e-01

 233	1.002332800000985e-05
	-3.049891773447845e-01
	-9.237544787923933e-01
	-1.086602764822024e-01

 234	1.002342800000985e-05
	-3.049723115192806e-01
	-9.223132522782285e-01
	-1.100451527801907e-01

 235	1.002352800000985e-05
	-3.049631893888737e-01
	-9.208601501424882e-01
	-1.114157967525777e-01

 236	1.002362800000985e-05
	-3.049619910248995e-01
	-9.193956731877377e-01
	-1.127722679429017e-01

 237	1.002372800000985e-05
	-3.049689078845615e-01
	-9.179202961726801e-01
	-1.141146256388659e-01

 238	1.002382800000985e-05
	-3.049841432028884e-01
	-9.164344679290743e-01
	-1.154429287369689e-01

 239	1.002392800000985e-05
	-3.050079123947521e-01
	-9.149386114619069e-01
	-1.167572356072379e-01

 240	1.002402800000985e-05
	-3.050404434670213e-01
	-9.134331240341970e-01
	-1.180576039579382e-01

 241	1.002412800000985e-05
	-3.050819774384101e-01
	-9.119183772353889e-01
	-1.193440907001380e-01

 242	1.002422800000985e-05
	-3.051327687669241e-01
	-9.103947170347817e-01
	-1.206167518120238e-01

 243	1.002432800000985e-05
	-3.051930857831172e-01
	-9.088624638199576e-01
	-1.218756422028715e-01

 244	1.002442800000985e-05
	-3.052632111271882e-01
	-9.073219124201787e-01
	-1.231208155765771e-01

 245	1.002452800000985e-05
	-3.053434421893979e-01
	-9.057733321163052e-01
	-1.243523242946636e-01

 246	1.002462800000985e-05
	-3.054340915507971e-01
	-9.042169666364899e-01
	-1.255702192387020e-01

 247	1.002472800000985e-05
	-3.055354874240879e-01
	-9.026530341399724e-01
	-1.267745496720813e-01

 248	1.002482800000985e-05
	-3.056479740907819e-01
	-9.010817271878793e-01
	-1.279653631010831e-01

 249	1.002492800000985e-05
	-3.057719123346199e-01
	-8.995032127038954e-01
	-1.291427051352270e-01

 250	1.002502800000985e-05
	-3.059076798673853e-01
	-8.979176319241317e-01
	-1.303066193468672e-01

 251	1.002512800000985e-05
	-3.060556717454545e-01
	-8.963251003379642e-01
	-1.314571471300323e-01

 252	1.002522800000985e-05
	-3.062163007749680e-01
	-8.947257076212961e-01
	-1.325943275585169e-01

 253	1.002532800000985e-05
	-3.063899979021848e-01
	-8.931195175627756e-01
	-1.337181972432533e-01

 254	1.002542800000985e-05
	-3.065772125871401e-01
	-8.915065679852072e-01
	-1.348287901890042e-01

 255	1.002552800000985e-05
	-3.067784131570467e-01
	-8.898868706629547e-01
	-1.359261376504359e-01

 256	1.002562800000985e-05
	-3.069940871364726e-01
	-8.882604112369710e-01
	-1.370102679876517e-01

 257	1.002572800000985e-05
	-3.072247415522681e-01
	-8.866271491302421e-01
	-1.380812065212820e-01

 258	1.002582800000985e-05
	-3.074709032082392e-01
	-8.849870174637302e-01
	-1.391389753872505e-01

 259	1.002592800000985e-05
	-3.077331189279617e-01
	-8.833399229763844e-01
	-1.401835933913516e-01

 260	1.002602800000985e-05
	-3.080119557611264e-01
	-8.816857459499680e-01
	-1.412150758638018e-01

 261	1.002612800000985e-05
	-3.083080011514126e-01
	-8.800243401422907e-01
	-1.422334345139444e-01

 262	1.002622800000985e-05
	-3.086218630607155e-01
	-8.783555327292906e-01
	-1.432386772853085e-01

 263	1.002632800000986e-05
	-3.089541700482052e-01
	-8.766791242601362e-01
	-1.442308082112471e-01

 264	1.002642800000986e-05
	-3.093055712993271e-01
	-8.749948886261820e-01
	-1.452098272714024e-01

 265	1.002652800000986e-05
	-3.096767366029193e-01
	-8.733025730477344e-01
	-1.461757302492632e-01

 266	1.002662800000986e-05
	-3.100683562717291e-01
	-8.716018980795206e-01
	-1.471285085911025e-01

 267	1.002672800000986e-05
	-3.104811410049995e-01
	-8.698925576390562e-01
	-1.480681492666074e-01

 268	1.002682800000986e-05
	-3.109158216895677e-01
	-8.681742190597539e-01
	-1.489946346315283e-01

 269	1.002692800000986e-05
	-3.113731491363091e-01
	-8.664465231707028e-01
	-1.499079422926957e-01

 270	1.002702800000986e-05
	-3.118538937513473e-01
	-8.647090844072737e-01
	-1.508080449757654e-01

 271	1.002712800000986e-05
	-3.123588451389279e-01
	-8.629614909539214e-01
	-1.516949103960767e-01

 272	1.002722800000986e-05
	-3.128888116347846e-01
	-8.612033049219294e-01
	-1.525685011330151e-01

 273	1.002732800000986e-05
	-3.134446197693517e-01
	-8.594340625649050e-01
	-1.534287745082801e-01

 274	1.002742800000986e-05
	-3.140271136599501e-01
	-8.576532745339481e-01
	-1.542756824684814e-01

 275	1.002752800000986e-05
	-3.146371543318474e-01
	-8.558604261745715e-01
	-1.551091714724739e-01

 276	1.002762800000986e-05
	-3.152756189697377e-01
	-8.540549778682983e-01
	-1.559291823838529e-01

 277	1.002772800000986e-05
	-3.159434000995266e-01
	-8.522363654195504e-01
	-1.567356503690407e-01

 278	1.002782800000986e-05
	-3.166414047028749e-01
	-8.504040004899615e-01
	-1.575285048013777e-01

 279	1.002792800000986e-05
	-3.173705532675648e-01
	-8.485572710820638e-01
	-1.583076691716254e-01

 280	1.002802800000986e-05
	-3.181317787760086e-01
	-8.466955420726767e-01
	-1.590730610052900e-01

 281	1.002812800000986e-05
	-3.189260256359241e-01
	-8.448181557969945e-01
	-1.598245917871433e-01

 282	1.002822800000986e-05
	-3.197542485583907e-01
	-8.429244326845651e-01
	-1.605621668933139e-01

 283	1.002832800000986e-05
	-3.206174113872421e-01
	-8.410136719462350e-01
	-1.612856855312890e-01

 284	1.002842800000986e-05
	-3.215164858867378e-01
	-8.390851523130738e-01
	-1.619950406881427e-01

 285	1.002852800000986e-05
	-3.224524504931823e-01
	-8.371381328261417e-01
	-1.626901190872836e-01

 286	1.002862800000986e-05
	-3.234262890375214e-01
	-8.351718536765022e-01
	-1.633708011539734e-01

 287	1.002872800000986e-05
	-3.244389894460972e-01
	-8.331855370941492e-01
	-1.640369609898298e-01

 288	1.002882800000986e-05
	-3.254915424276432e-01
	-8.311783882848305e-01
	-1.646884663564943e-01

 289	1.002892800000986e-05
	-3.265849401540299e-01
	-8.291495964124667e-01
	-1.653251786686116e-01

 290	1.002902800000986e-05
	-3.277201749425790e-01
	-8.270983356247923e-01
	-1.659469529961970e-01

 291	1.002912800000986e-05
	-3.288982379492697e-01
	-8.250237661208331e-01
	-1.665536380764534e-01

 292	1.002922800000986e-05
	-3.301201178796173e-01
	-8.229250352562799e-01
	-1.671450763350419e-01

 293	1.002932800000986e-05
	-3.313867997258798e-01
	-8.208012786845135e-01
	-1.677211039167545e-01

 294	1.002942800000986e-05
	-3.326992635382219e-01
	-8.186516215300739e-01
	-1.682815507255175e-01

 295	1.002952800000986e-05
	-3.340584832368242e-01
	-8.164751795910824e-01
	-1.688262404735861e-01

 296	1.002962800000986e-05
	-3.354654254718703e-01
	-8.142710605674272e-01
	-1.693549907397598e-01

 297	1.002972800000986e-05
	-3.369210485368974e-01
	-8.120383653106511e-01
	-1.698676130364176e-01

 298	1.002982800000986e-05
	-3.384263013420496e-01
	-8.097761890932621e-01
	-1.703639128851200e-01

 299	1.002992800000986e-05
	-3.399821224503191e-01
	-8.074836228926304e-01
	-1.708436899005026e-01

 300	1.003002800000986e-05
	-3.415894391810674e-01
	-8.051597546867907e-01
	-1.713067378821567e-01

 301	1.003012800000986e-05
	-3.432491667835884e-01
	-8.028036707590359e-01
	-1.717528449141739e-01

 302	1.003022800000986e-05
	-3.449622076817754e-01
	-8.004144570077190e-01
	-1.721817934720025e-01

 303	1.003032800000986e-05
	-3.467294507910739e-01
	-7.979912002590316e-01
	-1.725933605362600e-01

 304	1.003042800000986e-05
	-3.485517709064811e-01
	-7.955329895794735e-01
	-1.729873177131407e-01

 305	1.003052800000986e-05
	-3.504300281612165e-01
	-7.930389175868419e-01
	-1.733634313610493e-01

 306	1.003062800000986e-05
	-3.523650675518661e-01
	-7.905080817561729e-01
	-1.737214627230972e-01

 307	1.003072800000986e-05
	-3.543577185285161e-01
	-7.879395857210955e-01
	-1.740611680651147e-01

 308	1.003082800000987e-05
	-3.564087946439465e-01
	-7.853325405678342e-01
	-1.743822988188386e-01

 309	1.003092800000987e-05
	-3.585190932575556e-01
	-7.826860661220951e-01
	-1.746846017299637e-01

 310	1.003102800000987e-05
	-3.606893952874737e-01
	-7.799992922278224e-01
	-1.749678190107660e-01

 311	1.003112800000987e-05
	-3.629204650050736e-01
	-7.772713600187371e-01
	-1.752316884970329e-01

 312	1.003122800000987e-05
	-3.652130498642521e-01
	-7.745014231827150e-01
	-1.754759438090820e-01

 313	1.003132800000987e-05
	-3.675678803579516e-01
	-7.716886492199982e-01
	-1.757003145166709e-01

 314	1.003142800000987e-05
	-3.699856698944237e-01
	-7.688322206969462e-01
	-1.759045263076522e-01

 315	1.003152800000987e-05
	-3.724671146849229e-01
	-7.659313364969639e-01
	-1.760883011602612e-01

 316	1.003162800000987e-05
	-3.750128936346377e-01
	-7.629852130707265e-01
	-1.762513575189781e-01

 317	1.003172800000987e-05
	-3.776236682288504e-01
	-7.599930856885330e-01
	-1.763934104739460e-01

 318	1.003182800000987e-05
	-3.803000824061907e-01
	-7.569542096976245e-01
	-1.765141719439671e-01

 319	1.003192800000987e-05
	-3.830427624108402e-01
	-7.538678617875886e-01
	-1.766133508631604e-01

 320	1.003202800000987e-05
	-3.858523166158018e-01
	-7.507333412671698e-01
	-1.766906533713928e-01

 321	1.003212800000987e-05
	-3.887293353107215e-01
	-7.475499713572598e-01
	-1.767457830086605e-01

 322	1.003222800000987e-05
	-3.916743904454386e-01
	-7.443171005023962e-01
	-1.767784409136279e-01

 323	1.003232800000987e-05
	-3.946880353245620e-01
	-7.410341037070053e-01
	-1.767883260265828e-01

 324	1.003242800000987e-05
	-3.977708042446469e-01
	-7.377003838987185e-01
	-1.767751352971105e-01

 325	1.003252800000987e-05
	-4.009232120698958e-01
	-7.343153733252015e-01
	-1.767385638968233e-01

 326	1.003262800000987e-05
	-4.041457537391648e-01
	-7.308785349873724e-01
	-1.766783054375303e-01

 327	1.003272800000987e-05
	-4.074389037009131e-01
	-7.273893641155141e-01
	-1.765940521952669e-01

 328	1.003282800000987e-05
	-4.108031152695629e-01
	-7.238473896912245e-01
	-1.764854953406365e-01

 329	1.003292800000987e-05
	-4.142388199006204e-01
	-7.202521760215944e-01
	-1.763523251759516e-01

 330	1.003302800000987e-05
	-4.177464263798744e-01
	-7.166033243696860e-01
	-1.761942313797018e-01

 331	1.003312800000987e-05
	-4.213263199228727e-01
	-7.129004746458585e-01
	-1.760109032588946e-01

 332	1.003322800000987e-05
	-4.249788611824563e-01
	-7.091433071656656e-01
	-1.758020300098475e-01

 333	1.003332800000987e-05
	-4.287043851605153e-01
	-7.053315444780279e-01
	-1.755673009880443e-01

 334	1.003342800000987e-05
	-4.325032000218637e-01
	-7.014649532688410e-01
	-1.753064059876746e-01

 335	1.003352800000987e-05
	-4.363755858077670e-01
	-6.975433463443429e-01
	-1.750190355315149e-01

 336	1.003362800000987e-05
	-4.403217930472576e-01
	-6.935665846988052e-01
	-1.747048811718290e-01

 337	1.003372800000987e-05
	-4.443420412639044e-01
	-6.895345796703123e-01
	-1.743636358029712e-01

 338	1.003382800000987e-05
	-4.484365173766767e-01
	-6.854472951888845e-01
	-1.739949939864078e-01

 339	1.003392800000987e-05
	-4.526053739935075e-01
	-6.813047501208074e-01
	-1.735986522888795e-01

 340	1.003402800000987e-05
	-4.568487275953754e-01
	-6.771070207117978e-01
	-1.731743096344420e-01

 341	1.003412800000987e-05
	-4.611666566111653e-01
	-6.728542431335097e-01
	-1.727216676711394e-01

 342	1.003422800000987e-05
	-4.655591993806333e-01
	-6.685466161345541e-01
	-1.722404311530563e-01

 343	1.003432800000987e-05
	-4.700263520057560e-01
	-6.641844037994737e-01
	-1.717303083385300e-01

 344	1.003442800000987e-05
	-4.745680660889534e-01
	-6.597679384166307e-01
	-1.711910114052797e-01

 345	1.003452800000987e-05
	-4.791842463580617e-01
	-6.552976234566782e-01
	-1.706222568832261e-01

 346	1.003462800000987e-05
	-4.838747481777960e-01
	-6.507739366622515e-01
	-1.700237661057700e-01

 347	1.003472800000987e-05
	-4.886393749467702e-01
	-6.461974332478407e-01
	-1.693952656802886e-01

 348	1.003482800000987e-05
	-4.934778753814020e-01
	-6.415687492099523e-01
	-1.687364879786024e-01

 349	1.003492800000987e-05
	-4.983899406856397e-01
	-6.368886047439467e-01
	-1.680471716481464e-01

 350	1.003502800000987e-05
	-5.033752016090541e-01
	-6.321578077660844e-01
	-1.673270621445608e-01

 351	1.003512800000987e-05
	-5.084332253928903e-01
	-6.273772575346903e-01
	-1.665759122863815e-01

 352	1.003522800000987e-05
	-5.135635126067878e-01
	-6.225479483654585e-01
	-1.657934828324907e-01

 353	1.003532800000987e-05
	-5.187654938783544e-01
	-6.176709734331598e-01
	-1.649795430829326e-01

 354	1.003542800000988e-05
	-5.240385265180567e-01
	-6.127475286498455e-01
	-1.641338715036418e-01

 355	1.003552800000988e-05
	-5.293818910441032e-01
	-6.077789166089508e-01
	-1.632562563755870e-01

 356	1.003562800000988e-05
	-5.347947876109863e-01
	-6.027665505804575e-01
	-1.623464964687380e-01

 357	1.003572800000988e-05
	-5.402763323484356e-01
	-5.977119585417301e-01
	-1.614044017411862e-01

 358	1.003582800000988e-05
	-5.458255536168631e-01
	-5.926167872238445e-01
	-1.604297940636443e-01

 359	1.003592800000988e-05
	-5.514413881883562e-01
	-5.874828061517999e-01
	-1.594225079694200e-01

 360	1.003602800000988e-05
	-5.571226773621566e-01
	-5.823119116515556e-01
	-1.583823914298299e-01

 361	1.003612800000988e-05
	-5.628681630271430e-01
	-5.771061307949871e-01
	-1.573093066548488e-01

 362	1.003622800000988e-05
	-5.686764836837302e-01
	-5.718676252474922e-01
	-1.562031309186129e-01

 363	1.003632800000988e-05
	-5.745461704417488e-01
	-5.665986949802142e-01
	-1.550637574091822e-01

 364	1.003642800000988e-05
	-5.804756430118444e-01
	-5.613017818025187e-01
	-1.538910961017255e-01

 365	1.003652800000988e-05
	-5.864632057107110e-01
	-5.559794726648719e-01
	-1.526850746540354e-01

 366	1.003662800000988e-05
	-5.925070435040281e-01
	-5.506345026772990e-01
	-1.514456393229646e-01

 367	1.003672800000988e-05
	-5.986052181138819e-01
	-5.452697577819610e-01
	-1.501727559000501e-01

 368	1.003682800000988e-05
	-6.047556642200422e-01
	-5.398882770111765e-01
	-1.488664106642243e-01

 369	1.003692800000988e-05
	-6.109561857892430e-01
	-5.344932542565406e-01
	-1.475266113490861e-01

 370	1.003702800000988e-05
	-6.172044525696530e-01
	-5.290880394668706e-01
	-1.461533881217632e-01

 371	1.003712800000988e-05
	-6.234979967924152e-01
	-5.236761391864208e-01
	-1.447467945699064e-01

 372	1.003722800000988e-05
	-6.298342101264726e-01
	-5.182612163376996e-01
	-1.433069086928165e-01

 373	1.003732800000988e-05
	-6.362103409355901e-01
	-5.128470891449020e-01
	-1.418338338921252e-01

 374	1.003742800000988e-05
	-6.426234918949727e-01
	-5.074377290916274e-01
	-1.403276999568450e-01

 375	1.003752800000988e-05
	-6.490706180240481e-01
	-5.020372577957738e-01
	-1.387886640369409e-01

 376	1.003762800000988e-05
	-6.555485252018941e-01
	-4.966499426854696e-01
	-1.372169115988910e-01

 377	1.003772800000988e-05
	-6.620538692312108e-01
	-4.912801913522342e-01
	-1.356126573559964e-01

 378	1.003782800000988e-05
	-6.685831555247613e-01
	-4.859325444604037e-01
	-1.339761461654612e-01

 379	1.003792800000988e-05
	-6.751327394879062e-01
	-4.806116670895609e-01
	-1.323076538835282e-01

 380	1.003802800000988e-05
	-6.816988276764196e-01
	-4.753223383935379e-01
	-1.306074881692254e-01

 381	1.003812800000988e-05
	-6.882774798090245e-01
	-4.700694394655673e-01
	-1.288759892265681e-01

 382	1.003822800000988e-05
	-6.948646117144153e-01
	-4.648579393101565e-01
	-1.271135304743813e-01

 383	1.003832800000988e-05
	-7.014559992928852e-01
	-4.596928788394285e-01
	-1.253205191323228e-01

 384	1.003842800000988e-05
	-7.080472835688932e-01
	-4.545793528312262e-01
	-1.234973967111599e-01

 385	1.003852800000988e-05
	-7.146339769068986e-01
	-4.495224898131039e-01
	-1.216446393949648e-01

 386	1.003862800000988e-05
	-7.212114704560697e-01
	-4.445274298684964e-01
	-1.197627583026475e-01

 387	1.003872800000988e-05
	-7.277750428799119e-01
	-4.395993003990611e-01
	-1.178522996161888e-01

 388	1.003882800000988e-05
	-7.343198704148984e-01
	-4.347431899213040e-01
	-1.159138445630981e-01

 389	1.003892800000988e-05
	-7.408410382878738e-01
	-4.299641200255473e-01
	-1.139480092410188e-01

 390	1.003902800000988e-05
	-7.473335535030018e-01
	-4.252670156787533e-01
	-1.119554442731063e-01

 391	1.003912800000988e-05
	-7.537923589905163e-01
	-4.206566741133873e-01
	-1.099368342838107e-01

 392	1.003922800000988e-05
	-7.602123490835891e-01
	-4.161377326031335e-01
	-1.078928971860282e-01

 393	1.003932800000988e-05
	-7.665883862660883e-01
	-4.117146354904827e-01
	-1.058243832722736e-01

 394	1.003942800000988e-05
	-7.729153191053711e-01
	-4.073916008909497e-01
	-1.037320741045691e-01

 395	1.003952800000988e-05
	-7.791880012548144e-01
	-4.031725875547630e-01
	-1.016167812001276e-01

 396	1.003962800000988e-05
	-7.854013113815446e-01
	-3.990612624171683e-01
	-9.947934451260965e-02

 397	1.003972800000988e-05
	-7.915501738461543e-01
	-3.950609694087366e-01
	-9.732063071172758e-02

 398	1.003982800000988e-05
	-7.976295799316624e-01
	-3.911747001223052e-01
	-9.514153126719016e-02

 399	1.003992800000989e-05
	-8.036346093951336e-01
	-3.874050669456867e-01
	-9.294296034634675e-02

 400	1.004002800000989e-05
	-8.095604520934284e-01
	-3.837542792617648e-01
	-9.072585253834387e-02

 401	1.004012800000989e-05
	-8.154024294161411e-01
	-3.802241232885377e-01
	-8.849116042101812e-02

 402	1.004022800000989e-05
	-8.211560152504783e-01
	-3.768159460858649e-01
	-8.623985199003403e-02

 403	1.004032800000989e-05
	-8.268168561958318e-01
	-3.735306441832396e-01
	-8.397290797279400e-02

 404	1.004042800000989e-05
	-8.323807907507000e-01
	-3.703686571950039e-01
	-8.169131905231053e-02

 405	1.004052800000989e-05
	-8.378438672043192e-01
	-3.673299666809920e-01
	-7.939608302841616e-02

 406	1.004062800000989e-05
	-8.432023599848022e-01
	-3.644141003899810e-01
	-7.708820194530253e-02

 407	1.004072800000989e-05
	-8.484527842392596e-01
	-3.616201418899386e-01
	-7.476867921536412e-02

 408	1.004082800000989e-05
	-8.535919084562819e-01
	-3.589467454559043e-01
	-7.243851676958712e-02

 409	1.004092800000989e-05
	-8.586167649772426e-01
	-3.563921559500068e-01
	-7.009871226429487e-02

 410	1.004102800000989e-05
	-8.635246582847387e-01
	-3.539542333007034e-01
	-6.775025637289156e-02

 411	1.004112800000989e-05
	-8.683131710017168e-01
	-3.516304810744355e-01
	-6.539413018941609e-02

 412	1.004122800000989e-05
	-8.729801675811487e-01
	-3.494180785368563e-01
	-6.303130276826607e-02

 413	1.004132800000989e-05
	-8.775237957089724e-01
	-3.473139155237142e-01
	-6.066272882146739e-02

 414	1.004142800000989e-05
	-8.819424854881163e-01
	-3.453146293935542e-01
	-5.828934659147267e-02

 415	1.004152800000989e-05
	-8.862349465079229e-01
	-3.434166433077129e-01
	-5.591207591378078e-02

 416	1.004162800000989e-05
	-8.904001629405900e-01
	-3.416162050878952e-01
	-5.353181647982552e-02

 417	1.004172800000989e-05
	-8.944373868313803e-01
	-3.399094259245916e-01
	-5.114944630670060e-02

 418	1.004182800000989e-05
	-8.983461297739463e-01
	-3.382923182606195e-01
	-4.876582041649868e-02

 419	1.004192800000989e-05
	-9.021261531764529e-01
	-3.367608322397805e-01
	-4.638176972446972e-02

 420	1.004202800000989e-05
	-9.057774573335089e-01
	-3.353108901921074e-01
	-4.399810013191985e-02

 421	1.004212800000989e-05
	-9.093002695219082e-01
	-3.339384187184322e-01
	-4.161559181687124e-02

 422	1.004222800000989e-05
	-9.126950313353538e-01
	-3.326393780331178e-01
	-3.923499871302560e-02

 423	1.004232800000989e-05
	-9.159623854656063e-01
	-3.314097883208905e-01
	-3.685704816555635e-02

 424	1.004242800000989e-05
	-9.191031621260457e-01
	-3.302457529580282e-01
	-3.448244075070761e-02

 425	1.004252800000989e-05
	-9.221183652982681e-01
	-3.291434785355984e-01
	-3.211185024507346e-02

 426	1.004262800000989e-05
	-9.250091589654790e-01
	-3.280992917019405e-01
	-2.974592372978435e-02

 427	1.004272800000989e-05
	-9.277768534780747e-01
	-3.271096529103019e-01
	-2.738528181455102e-02

 428	1.004282800000989e-05
	-9.304228921762050e-01
	-3.261711672134163e-01
	-2.503051896660535e-02

 429	1.004292800000989e-05
	-9.329488383765075e-01
	-3.252805922936798e-01
	-2.268220392995701e-02

 430	1.004302800000989e-05
	-9.353563628088211e-01
	-3.244348439484840e-01
	-2.034088022099700e-02

 431	1.004312800000989e-05
	-9.376472315743567e-01
	-3.236309992763131e-01
	-1.800706668730800e-02

 432	1.004322800000989e-05
	-9.398232946752204e-01
	-3.228662978165872e-01
	-1.568125811747256e-02

 433	1.004332800000989e-05
	-9.418864751554549e-01
	-3.221381409055181e-01
	-1.336392589071300e-02

 434	1.004342800000989e-05
	-9.438387588755177e-01
	-3.214440895018538e-01
	-1.105551865629550e-02

 435	1.004352800000989e-05
	-9.456821849338265e-01
	-3.207818607303306e-01
	-8.756463033715356e-03

 436	1.004362800000989e-05
	-9.474188367365745e-01
	-3.201493233743999e-01
	-6.467164325776320e-03

 437	1.004372800000989e-05
	-9.490508337094513e-01
	-3.195444925334116e-01
	-4.188007237722502e-03

 438	1.004382800000989e-05
	-9.505803236386817e-01
	-3.189655236406970e-01
	-1.919356596561173e-03

 439	1.004392800000989e-05
	-9.520094756212966e-01
	-3.184107060165317e-01
	3.384419343483991e-04

 440	1.004402800000989e-05
	-9.533404736022976e-01
	-3.178784561111530e-01
	2.585061149539492e-03

 441	1.004412800000989e-05
	-9.545755104718383e-01
	-3.173673105710847e-01
	4.820191607851410e-03

 442	1.004422800000989e-05
	-9.557167826937477e-01
	-3.168759192427723e-01
	7.043540953647565e-03

 443	1.004432800000989e-05
	-9.567664854352763e-01
	-3.164030382090372e-01
	9.254833254911166e-03

 444	1.004442800000989e-05
	-9.577268081678764e-01
	-3.159475229374372e-01
	1.145380835974485e-02

 445	1.004452800000990e-05
	-9.585999307074583e-01
	-3.155083216029034e-01
	1.364022127235165e-02

 446	1.004462800000990e-05
	-9.593880196636398e-01
	-3.150844686341872e-01
	1.581384154921839e-02

 447	1.004472800000990e-05
	-9.600932252683722e-01
	-3.146750785216751e-01
	1.797445271587339e-02

 448	1.004482800000990e-05
	-9.607176785552156e-01
	-3.142793399135803e-01
	2.012185170434488e-02

 449	1.004492800000990e-05
	-9.612634888609103e-01
	-3.138965100177554e-01
	2.225584831122873e-02

 450	1.004502800000990e-05
	-9.617327416234799e-01
	-3.135259093202225e-01
	2.437626467608700e-02

 451	1.004512800000990e-05
	-9.621274964517221e-01
	-3.131669166244125e-01
	2.648293477977948e-02

 452	1.004522800000990e-05
	-9.624497854421831e-01
	-3.128189644098319e-01
	2.857570396221387e-02

 453	1.004532800000990e-05
	-9.627016117224610e-01
	-3.124815345060419e-01
	3.065442845892674e-02

 454	1.004542800000990e-05
	-9.628849481998120e-01
	-3.121541540733435e-01
	3.271897495584897e-02

 455	1.004552800000990e-05
	-9.630017364952793e-01
	-3.118363918789321e-01
	3.476922016157546e-02

 456	1.004562800000990e-05
	-9.630538860475234e-01
	-3.115278548581715e-01
	3.680505039643522e-02

 457	1.004572800000990e-05
	-9.630432733681238e-01
	-3.112281849455218e-01
	3.882636119764360e-02

 458	1.004582800000990e-05
	-9.629717414344255e-01
	-3.109370561619713e-01
	4.083305693982897e-02

 459	1.004592800000990e-05
	-9.628410992058651e-01
	-3.106541719442247e-01
	4.282505047022589e-02

 460	1.004602800000990e-05
	-9.626531212507936e-01
	-3.103792627005292e-01
	4.480226275784105e-02

 461	1.004612800000990e-05
	-9.624095474727442e-01
	-3.101120835792067e-01
	4.676462255592462e-02

 462	1.004622800000990e-05
	-9.621120829247782e-01
	-3.098524124348941e-01
	4.871206607709100e-02

 463	1.004632800000990e-05
	-9.617623977032822e-01
	-3.096000479797987e-01
	5.064453668046065e-02

 464	1.004642800000990e-05
	-9.613621269107385e-01
	-3.093548081051523e-01
	5.256198457022254e-02

 465	1.004652800000990e-05
	-9.609128706814659e-01
	-3.091165283623982e-01
	5.446436650503816e-02

 466	1.004662800000990e-05
	-9.604161942610180e-01
	-3.088850605902317e-01
	5.635164551773686e-02

 467	1.004672800000990e-05
	-9.598736281337878e-01
	-3.086602716775984e-01
	5.822379064477090e-02

 468	1.004682800000990e-05
	-9.592866681923111e-01
	-3.084420424517577e-01
	6.008077666493561e-02

 469	1.004692800000990e-05
	-9.586567759430049e-01
	-3.082302666819004e-01
	6.192258384687443e-02

 470	1.004702800000990e-05
	-9.579853787427307e-01
	-3.080248501887009e-01
	6.374919770491116e-02

 471	1.004712800000990e-05
	-9.572738700623319e-01
	-3.078257100521609e-01
	6.556060876278247e-02

 472	1.004722800000990e-05
	-9.565236097728563e-01
	-3.076327739098135e-01
	6.735681232485469e-02

 473	1.004732800000990e-05
	-9.557359244499755e-01
	-3.074459793374534e-01
	6.913780825443405e-02

 474	1.004742800000990e-05
	-9.549121076944930e-01
	-3.072652733071922e-01
	7.090360075879865e-02

 475	1.004752800000990e-05
	-9.540534204646545e-01
	-3.070906117156282e-01
	7.265419818059460e-02

 476	1.004762800000990e-05
	-9.531610914182691e-01
	-3.069219589774663e-01
	7.438961279525458e-02

 477	1.004772800000990e-05
	-9.522363172615284e-01
	-3.067592876790174e-01
	7.610986061411351e-02

 478	1.004782800000990e-05
	-9.512802631028350e-01
	-3.066025782876836e-01
	7.781496119291509e-02

 479	1.004792800000990e-05
	-9.502940628085220e-01
	-3.064518189122563e-01
	7.950493744540932e-02

 480	1.004802800000990e-05
	-9.492788193601639e-01
	-3.063070051118658e-01
	8.117981546174757e-02

 481	1.004812800000990e-05
	-9.482356052099898e-01
	-3.061681397483876e-01
	8.283962433141046e-02

 482	1.004822800000990e-05
	-9.471654626340255e-01
	-3.060352328804187e-01
	8.448439597040069e-02

 483	1.004832800000990e-05
	-9.460694040812282e-01
	-3.059083016957468e-01
	8.611416495244306e-02

 484	1.004842800000990e-05
	-9.449484125169511e-01
	-3.057873704793615e-01
	8.772896834394839e-02

 485	1.004852800000990e-05
	-9.438034417602168e-01
	-3.056724706154013e-01
	8.932884554250320e-02

 486	1.004862800000990e-05
	-9.426354168130090e-01
	-3.055636406202411e-01
	9.091383811865494e-02

 487	1.004872800000990e-05
	-9.414452341813194e-01
	-3.054609262055427e-01
	9.248398966077209e-02

 488	1.004882800000990e-05
	-9.402337621865803e-01
	-3.053643803690500e-01
	9.403934562275795e-02

 489	1.004892800000990e-05
	-9.390018412664409e-01
	-3.052740635114116e-01
	9.557995317441303e-02

 490	1.004902800000990e-05
	-9.377502842654717e-01
	-3.051900435789024e-01
	9.710586105423991e-02

 491	1.004912800000991e-05
	-9.364798767129783e-01
	-3.051123962285531e-01
	9.861711942449203e-02

 492	1.004922800000991e-05
	-9.351913770894666e-01
	-3.050412050167650e-01
	1.001137797282778e-01

 493	1.004932800000991e-05
	-9.338855170801725e-01
	-3.049765616091671e-01
	1.015958945485242e-01

 494	1.004942800000991e-05
	-9.325630018146853e-01
	-3.049185660102265e-01
	1.030635174686232e-01

 495	1.004952800000991e-05
	-9.312245100936948e-01
	-3.048673268131685e-01
	1.045167029345819e-01

 496	1.004962800000991e-05
	-9.298706946011135e-01
	-3.048229614679110e-01
	1.059555061185025e-01

 497	1.004972800000991e-05
	-9.285021821020299e-01
	-3.047855965669133e-01
	1.073799827832214e-01

 498	1.004982800000991e-05
	-9.271195736257036e-01
	-3.047553681476060e-01
	1.087901891479488e-01

 499	1.004992800000991e-05
	-9.257234446341547e-01
	-3.047324220113904e-01
	1.101861817547460e-01

 500	1.005002800000991e-05
	-9.243143451752358e-01
	-3.047169140573583e-01
	1.115680173356854e-01

 501	1.005012800000991e-05
	-9.228928000205289e-01
	-3.047090106304632e-01
	1.129357526805483e-01

 502	1.005022800000991e-05
	-9.214593087881487e-01
	-3.047088888834652e-01
	1.142894445049145e-01

 503	1.005032800000991e-05
	-9.200143460502644e-01
	-3.047167371515300e-01
	1.156291493185049e-01

 504	1.005042800000991e-05
	-9.185583614249507e-01
	-3.047327553381434e-01
	1.169549232936458e-01

 505	1.005052800000991e-05
	-9.170917796531575e-01
	-3.047571553121977e-01
	1.182668221337311e-01

 506	1.005062800000991e-05
	-9.156150006606628e-01
	-3.047901613148338e-01
	1.195649009415600e-01

 507	1.005072800000991e-05
	-9.141283996047977e-01
	-3.048320103745231e-01
	1.208492140874360e-01

 508	1.005082800000991e-05
	-9.126323269068388e-01
	-3.048829527299108e-01
	1.221198150769269e-01

 509	1.005092800000991e-05
	-9.111271082701927e-01
	-3.049432522588668e-01
	1.233767564181854e-01

 510	1.005102800000991e-05
	-9.096130446841775e-01
	-3.050131869118314e-01
	1.246200894887433e-01

 511	1.005112800000991e-05
	-9.080904124148200e-01
	-3.050930491489584e-01
	1.258498644017045e-01

 512	1.005122800000991e-05
	-9.065594629829522e-01
	-3.051831463791186e-01
	1.270661298712561e-01

 513	1.005132800000991e-05
	-9.050204231292333e-01
	-3.052838013980712e-01
	1.282689330774494e-01

 514	1.005142800000991e-05
	-9.034734947686003e-01
	-3.053953528258478e-01
	1.294583195302010e-01

 515	1.005152800000991e-05
	-9.019188549331231e-01
	-3.055181555394697e-01
	1.306343329324751e-01

 516	1.005162800000991e-05
	-9.003566557055909e-01
	-3.056525811003499e-01
	1.317970150426295e-01

 517	1.005172800000991e-05
	-8.987870241439481e-01
	-3.057990181733415e-01
	1.329464055359142e-01

 518	1.005182800000991e-05
	-8.972100621980502e-01
	-3.059578729353268e-01
	1.340825418651259e-01

 519	1.005192800000991e-05
	-8.956258466195485e-01
	-3.061295694705637e-01
	1.352054591204421e-01

 520	1.005202800000991e-05
	-8.940344288670323e-01
	-3.063145501509489e-01
	1.363151898884749e-01

 521	1.005212800000991e-05
	-8.924358350066552e-01
	-3.065132759972255e-01
	1.374117641105923e-01

 522	1.005222800000991e-05
	-8.908300656106310e-01
	-3.067262270191377e-01
	1.384952089405806e-01

 523	1.005232800000991e-05
	-8.892170956551326e-01
	-3.069539025314613e-01
	1.395655486017433e-01

 524	1.005242800000991e-05
	-8.875968744186736e-01
	-3.071968214420827e-01
	1.406228042435376e-01

 525	1.005252800000991e-05
	-8.859693253839488e-01
	-3.074555225101297e-01
	1.416669937978829e-01

 526	1.005262800000991e-05
	-8.843343461434962e-01
	-3.077305645692680e-01
	1.426981318352940e-01

 527	1.005272800000991e-05
	-8.826918083129404e-01
	-3.080225267146018e-01
	1.437162294209995e-01

 528	1.005282800000991e-05
	-8.810415574526899e-01
	-3.083320084485277e-01
	1.447212939712461e-01

 529	1.005292800000991e-05
	-8.793834130007276e-01
	-3.086596297825936e-01
	1.457133291099977e-01

 530	1.005302800000991e-05
	-8.777171682192685e-01
	-3.090060312925450e-01
	1.466923345262625e-01

 531	1.005312800000991e-05
	-8.760425901564948e-01
	-3.093718741221023e-01
	1.476583058323087e-01

 532	1.005322800000991e-05
	-8.743594196273042e-01
	-3.097578399337984e-01
	1.486112344230359e-01

 533	1.005332800000991e-05
	-8.726673712142642e-01
	-3.101646308025802e-01
	1.495511073368108e-01

 534	1.005342800000991e-05
	-8.709661332921814e-01
	-3.105929690501973e-01
	1.504779071180771e-01

 535	1.005352800000991e-05
	-8.692553680780291e-01
	-3.110435970169676e-01
	1.513916116820737e-01

 536	1.005362800000992e-05
	-8.675347117099277e-01
	-3.115172767697635e-01
	1.522921941820172e-01

 537	1.005372800000992e-05
	-8.658037743563392e-01
	-3.120147897427449e-01
	1.531796228791213e-01

 538	1.005382800000992e-05
	-8.640621403588514e-01
	-3.125369363101843e-01
	1.540538610158295e-01

 539	1.005392800000992e-05
	-8.623093684109017e-01
	-3.130845352900154e-01
	1.549148666926587e-01

 540	1.005402800000992e-05
	-8.605449917743342e-01
	-3.136584233768823e-01
	1.557625927490651e-01

 541	1.005412800000992e-05
	-8.587685185364440e-01
	-3.142594545048700e-01
	1.565969866487382e-01

 542	1.005422800000992e-05
	-8.569794319090739e-01
	-3.148884991396990e-01
	1.574179903697446e-01

 543	1.005432800000992e-05
	-8.551771905726022e-01
	-3.155464435021124e-01
	1.582255402999384e-01

 544	1.005442800000992e-05
	-8.533612290649157e-01
	-3.162341887223429e-01
	1.590195671380621e-01

 545	1.005452800000992e-05
	-8.515309582189833e-01
	-3.169526499298927e-01
	1.597999958009408e-01

 546	1.005462800000992e-05
	-8.496857656483274e-01
	-3.177027552793436e-01
	1.605667453371806e-01

 547	1.005472800000992e-05
	-8.478250162825527e-01
	-3.184854449168623e-01
	1.613197288477597e-01

 548	1.005482800000992e-05
	-8.459480529530709e-01
	-3.193016698909158e-01
	1.620588534138854e-01

 549	1.005492800000992e-05
	-8.440541970299699e-01
	-3.201523910124412e-01
	1.627840200324773e-01

 550	1.005502800000992e-05
	-8.421427491094106e-01
	-3.210385776691200e-01
	1.634951235595987e-01

 551	1.005512800000992e-05
	-8.402129897519572e-01
	-3.219612066003942e-01
	1.641920526621461e-01

 552	1.005522800000992e-05
	-8.382641802708004e-01
	-3.229212606392184e-01
	1.648746897780673e-01

 553	1.005532800000992e-05
	-8.362955635690410e-01
	-3.239197274276176e-01
	1.655429110853448e-01

 554	1.005542800000992e-05
	-8.343063650254167e-01
	-3.249575981140971e-01
	1.661965864799448e-01

 555	1.005552800000992e-05
	-8.322957934253628e-01
	-3.260358660390061e-01
	1.668355795628984e-01

 556	1.005562800000992e-05
	-8.302630419374981e-01
	-3.271555254178930e-01
	1.674597476366286e-01

 557	1.005572800000992e-05
	-8.282072891315910e-01
	-3.283175700290938e-01
	1.680689417106014e-01

 558	1.005582800000992e-05
	-8.261277000364864e-01
	-3.295229919146462e-01
	1.686630065163359e-01

 559	1.005592800000992e-05
	-8.240234272350642e-01
	-3.307727801023207e-01
	1.692417805317579e-01

 560	1.005602800000992e-05
	-8.218936119933997e-01
	-3.320679193566116e-01
	1.698050960148398e-01

 561	1.005612800000992e-05
	-8.197373854201421e-01
	-3.334093889653156e-01
	1.703527790464321e-01

 562	1.005622800000992e-05
	-8.175538696546552e-01
	-3.347981615705146e-01
	1.708846495821348e-01

 563	1.005632800000992e-05
	-8.153421790784408e-01
	-3.362352020481996e-01
	1.714005215130321e-01

 564	1.005642800000992e-05
	-8.131014215480117e-01
	-3.377214664439572e-01
	1.719002027350722e-01

 565	1.005652800000992e-05
	-8.108306996454151e-01
	-3.392579009692370e-01
	1.723834952268333e-01

 566	1.005662800000992e-05
	-8.085291119422205e-01
	-3.408454410615697e-01
	1.728501951353905e-01

 567	1.005672800000992e-05
	-8.061957542752058e-01
	-3.424850105134739e-01
	1.733000928699844e-01

 568	1.005682800000992e-05
	-8.038297210293988e-01
	-3.441775206710242e-01
	1.737329732031503e-01

 569	1.005692800000992e-05
	-8.014301064260855e-01
	-3.459238697038928e-01
	1.741486153789649e-01

 570	1.005702800000992e-05
	-7.989960058134571e-01
	-3.477249419474314e-01
	1.745467932280573e-01

 571	1.005712800000992e-05
	-7.965265169562362e-01
	-3.495816073147262e-01
	1.749272752890199e-01

 572	1.005722800000992e-05
	-7.940207413240810e-01
	-3.514947207787086e-01
	1.752898249358563e-01

 573	1.005732800000992e-05
	-7.914777853753983e-01
	-3.534651219198940e-01
	1.756342005111167e-01

 574	1.005742800000992e-05
	-7.888967618359212e-01
	-3.554936345367283e-01
	1.759601554643759e-01

 575	1.005752800000992e-05
	-7.862767909712308e-01
	-3.575810663141169e-01
	1.762674384957266e-01

 576	1.005762800000992e-05
	-7.836170018522931e-01
	-3.597282085444282e-01
	1.765557937039830e-01

 577	1.005772800000992e-05
	-7.809165336141197e-01
	-3.619358358950664e-01
	1.768249607393231e-01

 578	1.005782800000992e-05
	-7.781745367075362e-01
	-3.642047062157431e-01
	1.770746749601164e-01

 579	1.005792800000992e-05
	-7.753901741449803e-01
	-3.665355603784574e-01
	1.773046675937251e-01

 580	1.005802800000992e-05
	-7.725626227420238e-01
	-3.689291221431287e-01
	1.775146659011080e-01

 581	1.005812800000992e-05
	-7.696910743546466e-01
	-3.713860980395784e-01
	1.777043933450901e-01

 582	1.005822800000993e-05
	-7.667747371158701e-01
	-3.739071772594769e-01
	1.778735697622023e-01

 583	1.005832800000993e-05
	-7.638128366727922e-01
	-3.764930315488179e-01
	1.780219115380488e-01

 584	1.005842800000993e-05
	-7.608046174275932e-01
	-3.791443150937766e-01
	1.781491317862001e-01

 585	1.005852800000993e-05
	-7.577493437845496e-01
	-3.818616643908820e-01
	1.782549405306484e-01

 586	1.005862800000993e-05
	-7.546463014073296e-01
	-3.846456980946384e-01
	1.783390448919224e-01

 587	1.005872800000993e-05
	-7.514947984895232e-01
	-3.874970168343221e-01
	1.784011492769966e-01

 588	1.005882800000993e-05
	-7.482941670418657e-01
	-3.904162029922415e-01
	1.784409555731741e-01

 589	1.005892800000993e-05
	-7.450437642014932e-01
	-3.934038204377592e-01
	1.784581633461735e-01

 590	1.005902800000993e-05
	-7.417429735658053e-01
	-3.964604142087043e-01
	1.784524700426879e-01

 591	1.005912800000993e-05
	-7.383912065567223e-01
	-3.995865101353712e-01
	1.784235711977304e-01

 592	1.005922800000993e-05
	-7.349879038186573e-01
	-4.027826143999923e-01
	1.783711606471208e-01

 593	1.005932800000993e-05
	-7.315325366560143e-01
	-4.060492130274934e-01
	1.782949307455057e-01

 594	1.005942800000993e-05
	-7.280246085139374e-01
	-4.093867713014332e-01
	1.781945725903400e-01

 595	1.005952800000993e-05
	-7.244636565075590e-01
	-4.127957331010103e-01
	1.780697762522978e-01

 596	1.005962800000993e-05
	-7.208492530045557e-01
	-4.162765201549549e-01
	1.779202310126151e-01

 597	1.005972800000993e-05
	-7.171810072656944e-01
	-4.198295312082712e-01
	1.777456256078893e-01

 598	1.005982800000993e-05
	-7.134585671480308e-01
	-4.234551410982168e-01
	1.775456484829014e-01

 599	1.005992800000993e-05
	-7.096816208759084e-01
	-4.271536997367267e-01
	1.773199880520497e-01

 600	1.006002800000993e-05
	-7.058498988842875e-01
	-4.309255309962503e-01
	1.770683329700038e-01

 601	1.006012800000993e-05
	-7.019631757386582e-01
	-4.347709314959962e-01
	1.767903724122264e-01

 602	1.006022800000993e-05
	-6.980212721366131e-01
	-4.386901692868829e-01
	1.764857963660238e-01

 603	1.006032800000993e-05
	-6.940240569949304e-01
	-4.426834824325324e-01
	1.761542959328044e-01

 604	1.006042800000993e-05
	-6.899714496269121e-01
	-4.467510774849245e-01
	1.757955636422501e-01

 605	1.006052800000993e-05
	-6.858634220132634e-01
	-4.508931278522817e-01
	1.754092937791172e-01

 606	1.006062800000993e-05
	-6.817000011707868e-01
	-4.551097720581342e-01
	1.749951827234062e-01

 607	1.006072800000993e-05
	-6.774812716221708e-01
	-4.594011118899615e-01
	1.745529293046473e-01

 608	1.006082800000993e-05
	-6.732073779698869e-01
	-4.637672104360324e-01
	1.740822351710594e-01

 609	1.006092800000993e-05
	-6.688785275774940e-01
	-4.682080900097985e-01
	1.735828051743571e-01

 610	1.006102800000993e-05
	-6.644949933594375e-01
	-4.727237299596717e-01
	1.730543477709756e-01

 611	1.006112800000993e-05
	-6.600571166829046e-01
	-4.773140643650866e-01
	1.724965754405003e-01

 612	1.006122800000993e-05
	-6.555653103812940e-01
	-4.819789796165238e-01
	1.719092051220850e-01

 613	1.006132800000993e-05
	-6.510200618810030e-01
	-4.867183118801629e-01
	1.712919586696300e-01

 614	1.006142800000993e-05
	-6.464219364409374e-01
	-4.915318444465485e-01
	1.706445633265044e-01

 615	1.006152800000993e-05
	-6.417715805035646e-01
	-4.964193049631667e-01
	1.699667522205712e-01

 616	1.006162800000993e-05
	-6.370697251554994e-01
	-5.013803625513813e-01
	1.692582648802676e-01

 617	1.006172800000993e-05
	-6.323171896948862e-01
	-5.064146248088843e-01
	1.685188477724653e-01

 618	1.006182800000993e-05
	-6.275148853004006e-01
	-5.115216346981381e-01
	1.677482548628149e-01

 619	1.006192800000993e-05
	-6.226638187963490e-01
	-5.167008673228959e-01
	1.669462481992401e-01

 620	1.006202800000993e-05
	-6.177650965063207e-01
	-5.219517265951615e-01
	1.661125985192013e-01

 621	1.006212800000993e-05
	-6.128199281855584e-01
	-5.272735417951938e-01
	1.652470858813002e-01

 622	1.006222800000993e-05
	-6.078296310212115e-01
	-5.326655640290352e-01
	1.643495003217308e-01

 623	1.006232800000993e-05
	-6.027956336853756e-01
	-5.381269625872092e-01
	1.634196425360059e-01

 624	1.006242800000993e-05
	-5.977194804255742e-01
	-5.436568212115805e-01
	1.624573245863004e-01

 625	1.006252800000993e-05
	-5.926028351724542e-01
	-5.492541342766769e-01
	1.614623706346401e-01

 626	1.006262800000993e-05
	-5.874474856421805e-01
	-5.549178028942083e-01
	1.604346177020481e-01

 627	1.006272800000994e-05
	-5.822553474067254e-01
	-5.606466309504524e-01
	1.593739164536192e-01

 628	1.006282800000994e-05
	-5.770284679021896e-01
	-5.664393210888014e-01
	1.582801320093212e-01

 629	1.006292800000994e-05
	-5.717690303398852e-01
	-5.722944706508183e-01
	1.571531447801391e-01

 630	1.006302800000994e-05
	-5.664793574808753e-01
	-5.782105675921630e-01
	1.559928513289668e-01

 631	1.006312800000994e-05
	-5.611619152286086e-01
	-5.841859863912554e-01
	1.547991652553984e-01

 632	1.006322800000994e-05
	-5.558193159900157e-01
	-5.902189839727225e-01
	1.535720181033065e-01

 633	1.006332800000994e-05
	-5.504543217478093e-01
	-5.963076956690089e-01
	1.523113602897861e-01

 634	1.006342800000994e-05
	-5.450698467814574e-01
	-6.024501312478967e-01
	1.510171620536913e-01

 635	1.006352800000994e-05
	-5.396689599671640e-01
	-6.086441710368575e-01
	1.496894144216205e-01

 636	1.006362800000994e-05
	-5.342548865803148e-01
	-6.148875621790485e-01
	1.483281301887818e-01

 637	1.006372800000994e-05
	-5.288310095165183e-01
	-6.211779150596811e-01
	1.469333449116950e-01

 638	1.006382800000994e-05
	-5.234008698393532e-01
	-6.275126999450609e-01
	1.455051179091975e-01

 639	1.006392800000994e-05
	-5.179681665584588e-01
	-6.338892438837632e-01
	1.440435332676588e-01

 640	1.006402800000994e-05
	-5.125367555300683e-01
	-6.403047279195390e-01
	1.425487008457158e-01

 641	1.006412800000994e-05
	-5.071106473708040e-01
	-6.467561846752693e-01
	1.410207572732092e-01

 642	1.006422800000994e-05
	-5.016940042655320e-01
	-6.532404963678711e-01
	1.394598669383247e-01

 643	1.006432800000994e-05
	-4.962911355480125e-01
	-6.597543933210999e-01
	1.378662229562382e-01

 644	1.006442800000994e-05
	-4.909064919297029e-01
	-6.662944530473216e-01
	1.362400481118216e-01

 645	1.006452800000994e-05
	-4.855446582495853e-01
	-6.728570999721362e-01
	1.345815957682150e-01

 646	1.006462800000994e-05
	-4.802103446210501e-01
	-6.794386058811280e-01
	1.328911507323109e-01

 647	1.006472800000994e-05
	-4.749083758541084e-01
	-6.860350911688118e-01
	1.311690300674297e-01

 648	1.006482800000994e-05
	-4.696436790406072e-01
	-6.926425269733372e-01
	1.294155838427455e-01

 649	1.006492800000994e-05
	-4.644212692010908e-01
	-6.992567382802874e-01
	1.276311958083203e-01

 650	1.006502800000994e-05
	-4.592462329080833e-01
	-7.058734080775593e-01
	1.258162839839869e-01

 651	1.006512800000994e-05
	-4.541237098231284e-01
	-7.124880826414648e-01
	1.239713011498003e-01

 652	1.006522800000994e-05
	-4.490588721119876e-01
	-7.190961780290986e-01
	1.220967352253606e-01

 653	1.006532800000994e-05
	-4.440569017352271e-01
	-7.256929878442353e-01
	1.201931095250770e-01

 654	1.006542800000994e-05
	-4.391229656514882e-01
	-7.322736923346990e-01
	1.182609828763876e-01

 655	1.006552800000994e-05
	-4.342621890174119e-01
	-7.388333688674251e-01
	1.163009495881204e-01

 656	1.006562800000994e-05
	-4.294796265171611e-01
	-7.453670038091742e-01
	1.143136392566166e-01

 657	1.006572800000994e-05
	-4.247802320147314e-01
	-7.518695058257191e-01
	1.122997163979793e-01

 658	1.006582800000994e-05
	-4.201688267793057e-01
	-7.583357205868645e-01
	1.102598798958572e-01

 659	1.006592800000994e-05
	-4.156500666012152e-01
	-7.647604468440055e-01
	1.081948622555862e-01

 660	1.006602800000994e-05
	-4.112284081758985e-01
	-7.711384538156358e-01
	1.061054286572727e-01

 661	1.006612800000994e-05
	-4.069080751994765e-01
	-7.774644997909251e-01
	1.039923758025383e-01

 662	1.006622800000994e-05
	-4.026930246754088e-01
	-7.837333518289075e-01
	1.018565305521388e-01

 663	1.006632800000994e-05
	-3.985869139817884e-01
	-7.899398063993531e-01
	9.969874835448467e-02

 664	1.006642800000994e-05
	-3.945930692908833e-01
	-7.960787107828953e-01
	9.751991146820327e-02

 665	1.006652800000994e-05
	-3.907144559566115e-01
	-8.021449850169450e-01
	9.532092698522288e-02

 666	1.006662800000994e-05
	-3.869536514961897e-01
	-8.081336441487736e-01
	9.310272466435920e-02

 667	1.006672800000994e-05
	-3.833128217815738e-01
	-8.140398205339946e-01
	9.086625458894426e-02

 668	1.006682800000994e-05
	-3.797937010266849e-01
	-8.198587859028001e-01
	8.861248466555072e-02

 669	1.006692800000994e-05
	-3.763975761024514e-01
	-8.255859729044440e-01
	8.634239798423504e-02

 670	1.006702800000994e-05
	-3.731252756368112e-01
	-8.312169958364863e-01
	8.405699006381040e-02

 671	1.006712800000994e-05
	-3.699771642631015e-01
	-8.367476702709005e-01
	8.175726600834343e-02

 672	1.006722800000994e-05
	-3.669531422652195e-01
	-8.421740312995198e-01
	7.944423760327224e-02

 673	1.006732800000995e-05
	-3.640526507415860e-01
	-8.474923501423540e-01
	7.711892038113133e-02

 674	1.006742800000995e-05
	-3.612746822733378e-01
	-8.526991488902707e-01
	7.478233068777795e-02

 675	1.006752800000995e-05
	-3.586177969412682e-01
	-8.577912131876548e-01
	7.243548278020828e-02

 676	1.006762800000995e-05
	-3.560801433973398e-01
	-8.627656027003748e-01
	7.007938598649144e-02

 677	1.006772800000995e-05
	-3.536594845682259e-01
	-8.676196592602003e-01
	6.771504195705269e-02

 678	1.006782800000995e-05
	-3.513532274515457e-01
	-8.723510126226199e-01
	6.534344203453557e-02

 679	1.006792800000995e-05
	-3.491584563687941e-01
	-8.769575838226438e-01
	6.296556476686099e-02

 680	1.006802800000995e-05
	-3.470719689669727e-01
	-8.814375861610150e-01
	6.058237358495333e-02

 681	1.006812800000995e-05
	-3.450903142127916e-01
	-8.857895238968599e-01
	5.819481466303422e-02

 682	1.006822800000995e-05
	-3.432098316027331e-01
	-8.900121887626037e-01
	5.580381497555065e-02

 683	1.006832800000995e-05
	-3.414266908202001e-01
	-8.941046544531636e-01
	5.341028056081898e-02

 684	1.006842800000995e-05
	-3.397369311007489e-01
	-8.980662692684100e-01
	5.101509499746903e-02

 685	1.006852800000995e-05
	-3.381364996229190e-01
	-9.018966471125036e-01
	4.861911809589481e-02

 686	1.006862800000995e-05
	-3.366212883116235e-01
	-9.055956570659408e-01
	4.622318480328058e-02

 687	1.006872800000995e-05
	-3.351871685299326e-01
	-9.091634117571685e-01
	4.382810431744222e-02

 688	1.006882800000995e-05
	-3.338300232289941e-01
	-9.126002547610114e-01
	4.143465940181779e-02

 689	1.006892800000995e-05
	-3.325457762264433e-01
	-9.159067472480834e-01
	3.904360589146849e-02

 690	1.006902800000995e-05
	-3.313304183830921e-01
	-9.190836540999505e-01
	3.665567237795653e-02

 691	1.006912800000995e-05
	-3.301800305449448e-01
	-9.221319296931437e-01
	3.427156005946097e-02

 692	1.006922800000995e-05
	-3.290908032044468e-01
	-9.250527035369231e-01
	3.189194274145635e-02

 693	1.006932800000995e-05
	-3.280590529165159e-01
	-9.278472659335413e-01
	2.951746697267899e-02

 694	1.006942800000995e-05
	-3.270812355713105e-01
	-9.305170538081532e-01
	2.714875230090508e-02

 695	1.006952800000995e-05
	-3.261539566831275e-01
	-9.330636368366860e-01
	2.478639163322205e-02

 696	1.006962800000995e-05
	-3.252739788964972e-01
	-9.354887039774551e-01
	2.243095168591180e-02

 697	1.006972800000995e-05
	-3.244382269454934e-01
	-9.377940504959744e-01
	2.008297350976029e-02

 698	1.006982800000995e-05
	-3.236437903186886e-01
	-9.399815655496615e-01
	1.774297307747119e-02

 699	1.006992800000995e-05
	-3.228879238966191e-01
	-9.420532203858450e-01
	1.541144192086108e-02

 700	1.007002800000995e-05
	-3.221680468276883e-01
	-9.440110571881185e-01
	1.308884780659580e-02

 701	1.007012800000995e-05
	-3.214817399041932e-01
	-9.458571785934192e-01
	1.077563544035787e-02

 702	1.007022800000995e-05
	-3.208267416893325e-01
	-9.475937378905058e-01
	8.472227190475135e-03

 703	1.007032800000995e-05
	-3.202009436294591e-01
	-9.492229298990730e-01
	6.179023823128738e-03

 704	1.007042800000995e-05
	-3.196023843682932e-01
	-9.507469825212770e-01
	3.896405242344692e-03

 705	1.007052800000995e-05
	-3.190292434586297e-01
	-9.521681489495997e-01
	1.624731228972998e-03

 706	1.007062800000995e-05
	-3.184798346465411e-01
	-9.534887005104367e-01
	-6.356578262276535e-04

 707	1.007072800000995e-05
	-3.179525988800370e-01
	-9.547109201170575e-01
	-2.884440199412808e-03

 708	1.007082800000995e-05
	-3.174460971746295e-01
	-9.558370963038514e-01
	-5.121312123638866e-03

 709	1.007092800000995e-05
	-3.169590034476344e-01
	-9.568695178111646e-01
	-7.345987094597106e-03

 710	1.007102800000995e-05
	-3.164900974138780e-01
	-9.578104686883822e-01
	-9.558195194078856e-03

 711	1.007112800000995e-05
	-3.160382576187570e-01
	-9.586622238825490e-01
	-1.175768243263198e-02

 712	1.007122800000995e-05
	-3.156024546698137e-01
	-9.594270452805378e-01
	-1.394421011243185e-02

 713	1.007132800000995e-05
	-3.151817447127777e-01
	-9.601071781718129e-01
	-1.611755421100991e-02

 714	1.007142800000995e-05
	-3.147752631874626e-01
	-9.607048481008919e-01
	-1.827750478617141e-02

 715	1.007152800000995e-05
	-3.143822188879791e-01
	-9.612222580791970e-01
	-2.042386540217356e-02

 716	1.007162800000995e-05
	-3.140018883428933e-01
	-9.616615861272952e-01
	-2.255645257702055e-02

 717	1.007172800000995e-05
	-3.136336105237852e-01
	-9.620249831199542e-01
	-2.467509525056588e-02

 718	1.007182800000995e-05
	-3.132767818846852e-01
	-9.623145709081575e-01
	-2.677963427298113e-02

 719	1.007192800000996e-05
	-3.129308517298283e-01
	-9.625324406936456e-01
	-2.886992191304882e-02

 720	1.007202800000996e-05
	-3.125953179032543e-01
	-9.626806516330760e-01
	-3.094582138566038e-02

 721	1.007212800000996e-05
	-3.122697227909535e-01
	-9.627612296506123e-01
	-3.300720639784460e-02

 722	1.007222800000996e-05
	-3.119536496239948e-01
	-9.627761664392944e-01
	-3.505396071262989e-02

 723	1.007232800000996e-05
	-3.116467190690238e-01
	-9.627274186326015e-01
	-3.708597773001321e-02

 724	1.007242800000996e-05
	-3.113485860926017e-01
	-9.626169071301397e-01
	-3.910316008429993e-02

 725	1.007252800000996e-05
	-3.110589370832769e-01
	-9.624465165608088e-01
	-4.110541925709343e-02

 726	1.007262800000996e-05
	-3.107774872170534e-01
	-9.622180948701096e-01
	-4.309267520520610e-02

 727	1.007272800000996e-05
	-3.105039780512664e-01
	-9.619334530187769e-01
	-4.506485600279708e-02

 728	1.007282800000996e-05
	-3.102381753304370e-01
	-9.615943647793989e-01
	-4.702189749704733e-02

 729	1.007292800000996e-05
	-3.099798669914913e-01
	-9.612025666220846e-01
	-4.896374297670381e-02

 730	1.007302800000996e-05
	-3.097288613525094e-01
	-9.607597576774209e-01
	-5.089034285286687e-02

 731	1.007312800000996e-05
	-3.094849854728395e-01
	-9.602675997689522e-01
	-5.280165435139983e-02

 732	1.007322800000996e-05
	-3.092480836712142e-01
	-9.597277175062870e-01
	-5.469764121637732e-02

 733	1.007332800000996e-05
	-3.090180161901493e-01
	-9.591416984316403e-01
	-5.657827342401189e-02

 734	1.007342800000996e-05
	-3.087946579951683e-01
	-9.585110932127985e-01
	-5.844352690652466e-02

 735	1.007352800000996e-05
	-3.085778976981474e-01
	-9.578374158761291e-01
	-6.029338328544975e-02

 736	1.007362800000996e-05
	-3.083676365960231e-01
	-9.571221440750396e-01
	-6.212782961388630e-02

 737	1.007372800000996e-05
	-3.081637878142496e-01
	-9.563667193872957e-01
	-6.394685812724221e-02

 738	1.007382800000996e-05
	-3.079662755477902e-01
	-9.555725476377021e-01
	-6.575046600202050e-02

 739	1.007392800000996e-05
	-3.077750343916621e-01
	-9.547409992417025e-01
	-6.753865512223189e-02

 740	1.007402800000996e-05
	-3.075900087536150e-01
	-9.538734095658262e-01
	-6.931143185304078e-02

 741	1.007412800000996e-05
	-3.074111523426581e-01
	-9.529710793016938e-01
	-7.106880682125549e-02

 742	1.007422800000996e-05
	-3.072384277278906e-01
	-9.520352748509279e-01
	-7.281079470230045e-02

 743	1.007432800000996e-05
	-3.070718059612965e-01
	-9.510672287172317e-01
	-7.453741401332925e-02

 744	1.007442800000996e-05
	-3.069112662603091e-01
	-9.500681399038218e-01
	-7.624868691213793e-02

 745	1.007452800000996e-05
	-3.067567957456337e-01
	-9.490391743139251e-01
	-7.794463900155923e-02

 746	1.007462800000996e-05
	-3.066083892294917e-01
	-9.479814651514675e-01
	-7.962529913904426e-02

 747	1.007472800000996e-05
	-3.064660490517196e-01
	-9.468961133212667e-01
	-8.129069925112864e-02

 748	1.007482800000996e-05
	-3.063297849589098e-01
	-9.457841878254861e-01
	-8.294087415249596e-02

 749	1.007492800000996e-05
	-3.061996140252244e-01
	-9.446467261565390e-01
	-8.457586136937989e-02

 750	1.007502800000996e-05
	-3.060755606105814e-01
	-9.434847346834753e-01
	-8.619570096703510e-02

 751	1.007512800000996e-05
	-3.059576563546838e-01
	-9.422991890315459e-01
	-8.780043538102289e-02

 752	1.007522800000996e-05
	-3.058459402040749e-01
	-9.410910344532326e-01
	-8.939010925207347e-02

 753	1.007532800000996e-05
	-3.057404584708774e-01
	-9.398611861903705e-01
	-9.096476926427943e-02

 754	1.007542800000996e-05
	-3.056412649199884e-01
	-9.386105298251297e-01
	-9.252446398639469e-02

 755	1.007552800000996e-05
	-3.055484208850166e-01
	-9.373399216208643e-01
	-9.406924371602177e-02

 756	1.007562800000996e-05
	-3.054619954095209e-01
	-9.360501888502220e-01
	-9.559916032646232e-02

 757	1.007572800000996e-05
	-3.053820654132847e-01
	-9.347421301109502e-01
	-9.711426711602211e-02

 758	1.007582800000996e-05
	-3.053087158820251e-01
	-9.334165156284290e-01
	-9.861461865957599e-02

 759	1.007592800000996e-05
	-3.052420400790812e-01
	-9.320740875441261e-01
	-1.001002706621801e-01

 760	1.007602800000996e-05
	-3.051821397788378e-01
	-9.307155601903087e-01
	-1.015712798145478e-01

 761	1.007612800000996e-05
	-3.051291255193758e-01
	-9.293416203491778e-01
	-1.030277036502012e-01

 762	1.007622800000996e-05
	-3.050831168748565e-01
	-9.279529274974339e-01
	-1.044696004041090e-01

 763	1.007632800000996e-05
	-3.050442427459389e-01
	-9.265501140352341e-01
	-1.058970288726404e-01

 764	1.007642800000997e-05
	-3.050126416674372e-01
	-9.251337854994213e-01
	-1.073100482746607e-01

 765	1.007652800000997e-05
	-3.049884621322773e-01
	-9.237045207607402e-01
	-1.087087181136028e-01

 766	1.007662800000997e-05
	-3.049718629307662e-01
	-9.222628722047663e-01
	-1.100930980403478e-01

 767	1.007672800000997e-05
	-3.049630135048839e-01
	-9.208093658970206e-01
	-1.114632477167667e-01

 768	1.007682800000997e-05
	-3.049620943157184e-01
	-9.193445017313558e-01
	-1.128192266797678e-01

 769	1.007692800000997e-05
	-3.049692972239290e-01
	-9.178687535623511e-01
	-1.141610942057101e-01

 770	1.007702800000997e-05
	-3.049848258814750e-01
	-9.163825693210554e-01
	-1.154889091750415e-01

 771	1.007712800000997e-05
	-3.050088961347611e-01
	-9.148863711153953e-01
	-1.168027299370302e-01

 772	1.007722800000997e-05
	-3.050417364362351e-01
	-9.133805553135368e-01
	-1.181026141744690e-01

 773	1.007732800000997e-05
	-3.050835882652167e-01
	-9.118654926124269e-01
	-1.193886187682365e-01

 774	1.007742800000997e-05
	-3.051347065553353e-01
	-9.103415280904839e-01
	-1.206607996616031e-01

 775	1.007752800000997e-05
	-3.051953601276838e-01
	-9.088089812452476e-01
	-1.219192117241854e-01

 776	1.007762800000997e-05
	-3.052658321286431e-01
	-9.072681460168557e-01
	-1.231639086154606e-01

 777	1.007772800000997e-05
	-3.053464204696424e-01
	-9.057192907967742e-01
	-1.243949426477560e-01

 778	1.007782800000997e-05
	-3.054374382685199e-01
	-9.041626584236648e-01
	-1.256123646486453e-01

 779	1.007792800000997e-05
	-3.055392142897876e-01
	-9.025984661661994e-01
	-1.268162238226962e-01

 780	1.007802800000997e-05
	-3.056520933822984e-01
	-9.010269056940936e-01
	-1.280065676125224e-01

 781	1.007812800000997e-05
	-3.057764369117811e-01
	-8.994481430377591e-01
	-1.291834415591024e-01

 782	1.007822800000997e-05
	-3.059126231866964e-01
	-8.978623185381389e-01
	-1.303468891613471e-01

 783	1.007832800000997e-05
	-3.060610478745980e-01
	-8.962695467874048e-01
	-1.314969517349143e-01

 784	1.007842800000997e-05
	-3.062221244064199e-01
	-8.946699165615626e-01
	-1.326336682702762e-01

 785	1.007852800000997e-05
	-3.063962843668796e-01
	-8.930634907470911e-01
	-1.337570752900659e-01

 786	1.007862800000997e-05
	-3.065839778667018e-01
	-8.914503062613842e-01
	-1.348672067057470e-01

 787	1.007872800000997e-05
	-3.067856738958767e-01
	-8.898303739706427e-01
	-1.359640936736684e-01

 788	1.007882800000997e-05
	-3.070018606528881e-01
	-8.882036786047651e-01
	-1.370477644505779e-01

 789	1.007892800000997e-05
	-3.072330458484394e-01
	-8.865701786726038e-01
	-1.381182442487003e-01

 790	1.007902800000997e-05
	-3.074797569792928e-01
	-8.849298063782222e-01
	-1.391755550904938e-01

 791	1.007912800000997e-05
	-3.077425415697621e-01
	-8.832824675409168e-01
	-1.402197156632243e-01

 792	1.007922800000997e-05
	-3.080219673768204e-01
	-8.816280415203687e-01
	-1.412507411735207e-01

 793	1.007932800000997e-05
	-3.083186225564202e-01
	-8.799663811500467e-01
	-1.422686432020850e-01

 794	1.007942800000997e-05
	-3.086331157863512e-01
	-8.782973126798379e-01
	-1.432734295587701e-01

 795	1.007952800000997e-05
	-3.089660763434285e-01
	-8.766206357313928e-01
	-1.442651041382415e-01

 796	1.007962800000997e-05
	-3.093181541310621e-01
	-8.749361232680184e-01
	-1.452436667764752e-01

 797	1.007972800000997e-05
	-3.096900196539220e-01
	-8.732435215815055e-01
	-1.462091131083598e-01

 798	1.007982800000997e-05
	-3.100823639371338e-01
	-8.715425502989759e-01
	-1.471614344266867e-01

 799	1.007992800000997e-05
	-3.104958983863417e-01
	-8.698329024116730e-01
	-1.481006175428452e-01

 800	1.008002800000997e-05
	-3.109313545864472e-01
	-8.681142443287917e-01
	-1.490266446495481e-01

 801	1.008012800000997e-05
	-3.113894840364439e-01
	-8.663862159588878e-01
	-1.499394931859364e-01

 802	1.008022800000997e-05
	-3.118710578176367e-01
	-8.646484308209506e-01
	-1.508391357054268e-01

 803	1.008032800000997e-05
	-3.123768661945871e-01
	-8.629004761888408e-01
	-1.517255397466859e-01

 804	1.008042800000997e-05
	-3.129077181456982e-01
	-8.611419132699719e-01
	-1.525986677081215e-01

 805	1.008052800000997e-05
	-3.134644408240434e-01
	-8.593722774221969e-01
	-1.534584767262950e-01

 806	1.008062800000997e-05
	-3.140478789473105e-01
	-8.575910784106430e-01
	-1.543049185586725e-01

 807	1.008072800000997e-05
	-3.146588941163075e-01
	-8.557978007060403e-01
	-1.551379394711341e-01

 808	1.008082800000997e-05
	-3.152983640638201e-01
	-8.539919038277209e-01
	-1.559574801306591e-01

 809	1.008092800000997e-05
	-3.159671818338927e-01
	-8.521728227319598e-01
	-1.567634755036118e-01

 810	1.008102800000998e-05
	-3.166662548948577e-01
	-8.503399682487406e-01
	-1.575558547600480e-01

 811	1.008112800000998e-05
	-3.173965041866374e-01
	-8.484927275663435e-01
	-1.583345411844514e-01

 812	1.008122800000998e-05
	-3.181588631076487e-01
	-8.466304647669618e-01
	-1.590994520933005e-01

 813	1.008132800000998e-05
	-3.189542764433114e-01
	-8.447525214123099e-01
	-1.598504987598450e-01

 814	1.008142800000998e-05
	-3.197836992424855e-01
	-8.428582171815447e-01
	-1.605875863464687e-01

 815	1.008152800000998e-05
	-3.206480956453323e-01
	-8.409468505600494e-01
	-1.613106138449729e-01

 816	1.008162800000998e-05
	-3.215484376694324e-01
	-8.390176995799320e-01
	-1.620194740250951e-01

 817	1.008172800000998e-05
	-3.224857039605418e-01
	-8.370700226118439e-01
	-1.627140533915599e-01

 818	1.008182800000998e-05
	-3.234608785139800e-01
	-8.351030592063886e-01
	-1.633942321499040e-01

 819	1.008192800000998e-05
	-3.244749493751142e-01
	-8.331160309850825e-01
	-1.640598841812961e-01

 820	1.008202800000998e-05
	-3.255289073258279e-01
	-8.311081425786059e-01
	-1.647108770265300e-01

 821	1.008212800000998e-05
	-3.266237445649661e-01
	-8.290785826105777e-01
	-1.653470718793231e-01

 822	1.008222800000998e-05
	-3.277604533914973e-01
	-8.270265247252658e-01
	-1.659683235890186e-01

 823	1.008232800000998e-05
	-3.289400248975388e-01
	-8.249511286557957e-01
	-1.665744806727298e-01

 824	1.008242800000998e-05
	-3.301634476803571e-01
	-8.228515413311558e-01
	-1.671653853369350e-01

 825	1.008252800000998e-05
	-3.314317065807236e-01
	-8.207268980184694e-01
	-1.677408735084822e-01

 826	1.008262800000998e-05
	-3.327457814550238e-01
	-8.185763234971865e-01
	-1.683007748749117e-01

 827	1.008272800000998e-05
	-3.341066459893772e-01
	-8.163989332629129e-01
	-1.688449129339675e-01

 828	1.008282800000998e-05
	-3.355152665608879e-01
	-8.141938347559208e-01
	-1.693731050521263e-01

 829	1.008292800000998e-05
	-3.369726011535916e-01
	-8.119601286123600e-01
	-1.698851625319322e-01

 830	1.008302800000998e-05
	-3.384795983330481e-01
	-8.096969099333483e-01
	-1.703808906878934e-01

 831	1.008312800000998e-05
	-3.400371962858006e-01
	-8.074032695702781e-01
	-1.708600889306586e-01

 832	1.008322800000998e-05
	-3.416463219243547e-01
	-8.050782954200217e-01
	-1.713225508591703e-01

 833	1.008332800000998e-05
	-3.433078900640837e-01
	-8.027210737306586e-01
	-1.717680643604700e-01

 834	1.008342800000998e-05
	-3.450228026695923e-01
	-8.003306904106053e-01
	-1.721964117168020e-01

 835	1.008352800000998e-05
	-3.467919481747939e-01
	-7.979062323420684e-01
	-1.726073697196626e-01

 836	1.008362800000998e-05
	-3.486162008731205e-01
	-7.954467886932081e-01
	-1.730007097904305e-01

 837	1.008372800000998e-05
	-3.504964203784205e-01
	-7.929514522288501e-01
	-1.733761981072086e-01

 838	1.008382800000998e-05
	-3.524334511527121e-01
	-7.904193206165818e-01
	-1.737335957375201e-01

 839	1.008392800000998e-05
	-3.544281220984111e-01
	-7.878494977278052e-01
	-1.740726587765056e-01

 840	1.008402800000998e-05
	-3.564812462093289e-01
	-7.852410949313517e-01
	-1.743931384902861e-01

 841	1.008412800000998e-05
	-3.585936202764439e-01
	-7.825932323801310e-01
	-1.746947814641784e-01

 842	1.008422800000998e-05
	-3.607660246417259e-01
	-7.799050402897337e-01
	-1.749773297554693e-01

 843	1.008432800000998e-05
	-3.629992229939275e-01
	-7.771756602096738e-01
	-1.752405210504948e-01

 844	1.008442800000998e-05
	-3.652939621988222e-01
	-7.744042462874292e-01
	-1.754840888257974e-01

 845	1.008452800000998e-05
	-3.676509721567995e-01
	-7.715899665267023e-01
	-1.757077625131673e-01

 846	1.008462800000998e-05
	-3.700709656792909e-01
	-7.687320040406727e-01
	-1.759112676684245e-01

 847	1.008472800000998e-05
	-3.725546383771065e-01
	-7.658295583032549e-01
	-1.760943261438346e-01

 848	1.008482800000998e-05
	-3.751026685509457e-01
	-7.628818463989699e-01
	-1.762566562640933e-01

 849	1.008492800000998e-05
	-3.777157170777736e-01
	-7.598881042759363e-01
	-1.763979730058667e-01

 850	1.008502800000998e-05
	-3.803944272828684e-01
	-7.568475880028184e-01
	-1.765179881809162e-01

 851	1.008512800000998e-05
	-3.831394247916062e-01
	-7.537595750350145e-01
	-1.766164106228829e-01

 852	1.008522800000998e-05
	-3.859513173513273e-01
	-7.506233654916923e-01
	-1.766929463778544e-01

 853	1.008532800000998e-05
	-3.888306946178111e-01
	-7.474382834494055e-01
	-1.767472988988863e-01

 854	1.008542800000998e-05
	-3.917781278976535e-01
	-7.442036782548143e-01
	-1.767791692446909e-01

 855	1.008552800000999e-05
	-3.947941698400699e-01
	-7.409189258609263e-01
	-1.767882562827507e-01

 856	1.008562800000999e-05
	-3.978793540729023e-01
	-7.375834301923732e-01
	-1.767742568971635e-01

 857	1.008572800000999e-05
	-4.010341947754035e-01
	-7.341966245427832e-01
	-1.767368662015545e-01

 858	1.008582800000999e-05
	-4.042591861832604e-01
	-7.307579730098824e-01
	-1.766757777574424e-01

 859	1.008592800000999e-05
	-4.075548020205629e-01
	-7.272669719728015e-01
	-1.765906837984788e-01

 860	1.008602800000999e-05
	-4.109214948536077e-01
	-7.237231516159491e-01
	-1.764812754610201e-01

 861	1.008612800000999e-05
	-4.143596953630034e-01
	-7.201260775049906e-01
	-1.763472430215169e-01

 862	1.008622800000999e-05
	-4.178698115297044e-01
	-7.164753522192617e-01
	-1.761882761412430e-01

 863	1.008632800000999e-05
	-4.214522277316492e-01
	-7.127706170456451e-01
	-1.760040641189216e-01

 864	1.008642800000999e-05
	-4.251073037477389e-01
	-7.090115537385507e-01
	-1.757942961518242e-01

 865	1.008652800000999e-05
	-4.288353736661871e-01
	-7.051978863506217e-01
	-1.755586616059497e-01

 866	1.008662800000999e-05
	-4.326367446951909e-01
	-7.013293831392819e-01
	-1.752968502959149e-01

 867	1.008672800000999e-05
	-4.365116958727236e-01
	-6.974058585527487e-01
	-1.750085527752092e-01

 868	1.008682800000999e-05
	-4.404604766743473e-01
	-6.934271753008358e-01
	-1.746934606374881e-01

 869	1.008692800000999e-05
	-4.444833055162684e-01
	-6.893932465138188e-01
	-1.743512668295986e-01

 870	1.008702800000999e-05
	-4.485803681525092e-01
	-6.853040379938716e-01
	-1.739816659770437e-01

 871	1.008712800000999e-05
	-4.527518159646279e-01
	-6.811595705627195e-01
	-1.735843547226166e-01

 872	1.008722800000999e-05
	-4.569977641422817e-01
	-6.769599225086143e-01
	-1.731590320789382e-01

 873	1.008732800000999e-05
	-4.613182897538277e-01
	-6.727052321360641e-01
	-1.727053997956514e-01

 874	1.008742800000999e-05
	-4.657134297056975e-01
	-6.683957004208549e-01
	-1.722231627420259e-01

 875	1.008752800000999e-05
	-4.701831785895738e-01
	-6.640315937725156e-01
	-1.717120293057426e-01

 876	1.008762800000999e-05
	-4.747274864168629e-01
	-6.596132469062503e-01
	-1.711717118086287e-01

 877	1.008772800000999e-05
	-4.793462562399085e-01
	-6.551410658254500e-01
	-1.706019269401056e-01

 878	1.008782800000999e-05
	-4.840393416589565e-01
	-6.506155309147250e-01
	-1.700023962091226e-01

 879	1.008792800000999e-05
	-4.888065442157332e-01
	-6.460372001441280e-01
	-1.693728464153375e-01

 880	1.008802800000999e-05
	-4.936476106729097e-01
	-6.414067123826039e-01
	-1.687130101402912e-01

 881	1.008812800000999e-05
	-4.985622301804961e-01
	-6.367247908191271e-01
	-1.680226262593121e-01

 882	1.008822800000999e-05
	-5.035500313294254e-01
	-6.319922464877081e-01
	-1.673014404748643e-01

 883	1.008832800000999e-05
	-5.086105790941826e-01
	-6.272099818923571e-01
	-1.665492058720224e-01

 884	1.008842800000999e-05
	-5.137433716655979e-01
	-6.223789947253522e-01
	-1.657656834967240e-01

 885	1.008852800000999e-05
	-5.189478371766287e-01
	-6.175003816717027e-01
	-1.649506429574061e-01

 886	1.008862800000999e-05
	-5.242233303239364e-01
	-6.125753422900996e-01
	-1.641038630505771e-01

 887	1.008872800000999e-05
	-5.295691288890112e-01
	-6.076051829587067e-01
	-1.632251324108198e-01

 888	1.008882800000999e-05
	-5.349844301638242e-01
	-6.025913208721749e-01
	-1.623142501856272e-01

 889	1.008892800000999e-05
	-5.404683472865807e-01
	-5.975352880732159e-01
	-1.613710267354036e-01

 890	1.008902800000999e-05
	-5.460199054945571e-01
	-5.924387354992492e-01
	-1.603952843588510e-01

 891	1.008912800000999e-05
	-5.516380383022332e-01
	-5.873034370214775e-01
	-1.593868580438280e-01

 892	1.008922800000999e-05
	-5.573215836152624e-01
	-5.821312934508569e-01
	-1.583455962436453e-01

 893	1.008932800000999e-05
	-5.630692797909517e-01
	-5.769243364799128e-01
	-1.572713616785908e-01

 894	1.008942800000999e-05
	-5.688797616592667e-01
	-5.716847325265151e-01
	-1.561640321622897e-01

 895	1.008952800000999e-05
	-5.747515565199972e-01
	-5.664147864404649e-01
	-1.550235014522920e-01

 896	1.008962800000999e-05
	-5.806830801342895e-01
	-5.611169450288397e-01
	-1.538496801240585e-01

 897	1.008972800000999e-05
	-5.866726327309052e-01
	-5.557938003500827e-01
	-1.526424964672297e-01

 898	1.008982800000999e-05
	-5.927183950509342e-01
	-5.504480927214688e-01
	-1.514018974027596e-01

 899	1.008992800000999e-05
	-5.988184244577096e-01
	-5.450827133781923e-01
	-1.501278494191740e-01

 900	1.009002800000999e-05
	-6.049706511423343e-01
	-5.397007067160600e-01
	-1.488203395258316e-01

 901	1.009012800001000e-05
	-6.111728744575209e-01
	-5.343052720415840e-01
	-1.474793762206508e-01

 902	1.009022800001000e-05
	-6.174227594193058e-01
	-5.288997647493003e-01
	-1.461049904693175e-01

 903	1.009032800001000e-05
	-6.237178334159789e-01
	-5.234876968346757e-01
	-1.446972366924930e-01

 904	1.009042800001000e-05
	-6.300554831726013e-01
	-5.180727366488374e-01
	-1.432561937570065e-01

 905	1.009052800001000e-05
	-6.364329520201257e-01
	-5.126587077907846e-01
	-1.417819659664308e-01

 906	1.009062800001000e-05
	-6.428473375247038e-01
	-5.072495870285846e-01
	-1.402746840458331e-01

 907	1.009072800001000e-05
	-6.492955895368430e-01
	-5.018495011352327e-01
	-1.387345061148344e-01

 908	1.009082800001000e-05
	-6.557745087243361e-01
	-4.964627225201912e-01
	-1.371616186424189e-01

 909	1.009092800001000e-05
	-6.622807456570886e-01
	-4.910936635347470e-01
	-1.355562373762238e-01

 910	1.009102800001000e-05
	-6.688108005156974e-01
	-4.857468693281444e-01
	-1.339186082383077e-01

 911	1.009112800001000e-05
	-6.753610235007353e-01
	-4.804270091344494e-01
	-1.322490081786665e-01

 912	1.009122800001000e-05
	-6.819276160181196e-01
	-4.751388658700709e-01
	-1.305477459770095e-01

 913	1.009132800001000e-05
	-6.885066327231184e-01
	-4.698873239348645e-01
	-1.288151629826233e-01

 914	1.009142800001000e-05
	-6.950939845015833e-01
	-4.646773551167753e-01
	-1.270516337814795e-01

 915	1.009152800001000e-05
	-7.016854424678617e-01
	-4.595140025177095e-01
	-1.252575667791263e-01

 916	1.009162800001000e-05
	-7.082766430568052e-01
	-4.544023624400405e-01
	-1.234334046874106e-01

 917	1.009172800001000e-05
	-7.148630942816628e-01
	-4.493475641984740e-01
	-1.215796249026857e-01

 918	1.009182800001000e-05
	-7.214401832221455e-01
	-4.443547478537666e-01
	-1.196967397629205e-01

 919	1.009192800001000e-05
	-7.280031847999373e-01
	-4.394290399053745e-01
	-1.177852966710655e-01

 920	1.009202800001000e-05
	-7.345472718841937e-01
	-4.345755270216282e-01
	-1.158458780722120e-01

 921	1.009212800001000e-05
	-7.410675267563255e-01
	-4.297992279374633e-01
	-1.138791012724973e-01

 922	1.009222800001000e-05
	-7.475589539448961e-01
	-4.251050637039074e-01
	-1.118856180883978e-01

 923	1.009232800001000e-05
	-7.540164944211646e-01
	-4.204978265326610e-01
	-1.098661143160893e-01

 924	1.009242800001000e-05
	-7.604350411212495e-01
	-4.159821475392123e-01
	-1.078213090118911e-01

 925	1.009252800001000e-05
	-7.668094557368809e-01
	-4.115624637518337e-01
	-1.057519535765059e-01

 926	1.009262800001000e-05
	-7.731345866875249e-01
	-4.072429848128678e-01
	-1.036588306378388e-01

 927	1.009272800001000e-05
	-7.794052881574615e-01
	-4.030276598549667e-01
	-1.015427527295514e-01

 928	1.009282800001000e-05
	-7.856164400531659e-01
	-3.989201450858578e-01
	-9.940456076523230e-02

 929	1.009292800001000e-05
	-7.917629687053285e-01
	-3.949237726527676e-01
	-9.724512231107596e-02

 930	1.009302800001000e-05
	-7.978398681131117e-01
	-3.910415213850563e-01
	-9.506532966316339e-02

 931	1.009312800001000e-05
	-8.038422215030656e-01
	-3.872759900241237e-01
	-9.286609773883203e-02

 932	1.009322800001000e-05
	-8.097652229518880e-01
	-3.836293735399309e-01
	-9.064836179506797e-02

 933	1.009332800001000e-05
	-8.156041988084630e-01
	-3.801034431083020e-01
	-8.841307499025852e-02

 934	1.009342800001000e-05
	-8.213546286369502e-01
	-3.766995302709496e-01
	-8.616120580892384e-02

 935	1.009352800001000e-05
	-8.270121654005292e-01
	-3.734185157315532e-01
	-8.389373537205591e-02

 936	1.009362800001000e-05
	-8.325726546072850e-01
	-3.702608231495218e-01
	-8.161165465833786e-02

 937	1.009372800001000e-05
	-8.380321521525654e-01
	-3.672264181868485e-01
	-7.931596166368626e-02

 938	1.009382800001000e-05
	-8.433869406088212e-01
	-3.643148129393833e-01
	-7.700765852815827e-02

 939	1.009392800001000e-05
	-8.486335437407171e-01
	-3.615250757531958e-01
	-7.468774866020977e-02

 940	1.009402800001000e-05
	-8.537687390566807e-01
	-3.588558462916400e-01
	-7.235723388855009e-02

 941	1.009412800001000e-05
	-8.587895682441107e-01
	-3.563053555823819e-01
	-7.001711167137259e-02

 942	1.009422800001000e-05
	-8.636933453789117e-01
	-3.538714506481599e-01
	-6.766837239155254e-02

 943	1.009432800001000e-05
	-8.684776628450481e-01
	-3.515516232112875e-01
	-6.531199676454857e-02

 944	1.009442800001000e-05
	-8.731403949430057e-01
	-3.493430418634330e-01
	-6.294895338326878e-02

 945	1.009452800001000e-05
	-8.776796992150434e-01
	-3.472425870223079e-01
	-6.058019642116763e-02

 946	1.009462800001000e-05
	-8.820940155526998e-01
	-3.452468879423896e-01
	-5.820666351143355e-02

 947	1.009472800001001e-05
	-8.863820631959450e-01
	-3.433523610284887e-01
	-5.582927381642655e-02

 948	1.009482800001001e-05
	-8.905428357631154e-01
	-3.415552486993982e-01
	-5.344892629767806e-02

 949	1.009492800001001e-05
	-8.945755944819351e-01
	-3.398516580789546e-01
	-5.106649819288700e-02

 950	1.009502800001001e-05
	-8.984798598120739e-01
	-3.382375988392970e-01
	-4.868284370255971e-02

 951	1.009512800001001e-05
	-9.022554016662137e-01
	-3.367090195896737e-01
	-4.629879288538019e-02

 952	1.009522800001001e-05
	-9.059022284442829e-01
	-3.352618422848813e-01
	-4.391515075812702e-02

 953	1.009532800001001e-05
	-9.094205750990987e-01
	-3.338919942195306e-01
	-4.153269659305758e-02

 954	1.009542800001001e-05
	-9.128108904483894e-01
	-3.325954372704075e-01
	-3.915218340322735e-02

 955	1.009552800001001e-05
	-9.160738239404469e-01
	-3.313681941462923e-01
	-3.677433760421467e-02

 956	1.009562800001001e-05
	-9.192102120682243e-01
	-3.302063714980343e-01
	-3.439985883916874e-02

 957	1.009572800001001e-05
	-9.222210646132795e-01
	-3.291061798308478e-01
	-3.202941995303510e-02

 958	1.009582800001001e-05
	-9.251075508810412e-01
	-3.280639502368463e-01
	-2.966366710116786e-02

 959	1.009592800001001e-05
	-9.278709860736931e-01
	-3.270761480375595e-01
	-2.730321997727536e-02

 960	1.009602800001001e-05
	-9.305128179235250e-01
	-3.261393834786835e-01
	-2.494867214574636e-02

 961	1.009612800001001e-05
	-9.330346136938222e-01
	-3.252504196676939e-01
	-2.260059146379101e-02

 962	1.009622800001001e-05
	-9.354380476332099e-01
	-3.244061779755156e-01
	-2.025952057946379e-02

 963	1.009632800001001e-05
	-9.377248889521221e-01
	-3.236037411462246e-01
	-1.792597749244740e-02

 964	1.009642800001001e-05
	-9.398969903739391e-01
	-3.228403543713304e-01
	-1.560045616542727e-02

 965	1.009652800001001e-05
	-9.419562772970114e-01
	-3.221134245873832e-01
	-1.328342717493314e-02

 966	1.009662800001001e-05
	-9.439047375920776e-01
	-3.214205182535658e-01
	-1.097533839160691e-02

 967	1.009672800001001e-05
	-9.457444120458172e-01
	-3.207593578542042e-01
	-8.676615680964339e-03

 968	1.009682800001001e-05
	-9.474773854536477e-01
	-3.201278173594166e-01
	-6.387663616796324e-03

 969	1.009692800001001e-05
	-9.491057783535531e-01
	-3.195239168567829e-01
	-4.108866200398076e-03

 970	1.009702800001001e-05
	-9.506317393883568e-01
	-3.189458165501006e-01
	-1.840587579806652e-03

 971	1.009712800001001e-05
	-9.520574382771874e-01
	-3.183918102994575e-01
	4.168272358562319e-04

 972	1.009722800001001e-05
	-9.533850593723142e-01
	-3.178603188557019e-01
	2.663051671000005e-03

 973	1.009732800001001e-05
	-9.546167957755138e-01
	-3.173498829229695e-01
	4.897776890448569e-03

 974	1.009742800001001e-05
	-9.557548439844987e-01
	-3.168591561619191e-01
	7.120711121220591e-03

 975	1.009752800001001e-05
	-9.568013990394755e-01
	-3.163868982287414e-01
	9.331578991241152e-03

 976	1.009762800001001e-05
	-9.577586501400401e-01
	-3.159319679289022e-01
	1.153012088649996e-02

 977	1.009772800001001e-05
	-9.586287766996795e-01
	-3.154933165463222e-01
	1.371609232773041e-02

 978	1.009782800001001e-05
	-9.594139448090877e-01
	-3.150699813987455e-01
	1.588926336730179e-02

 979	1.009792800001001e-05
	-9.601163040776074e-01
	-3.146610796553070e-01
	1.804941800669724e-02

 980	1.009802800001001e-05
	-9.607379848236359e-01
	-3.142658024425470e-01
	2.019635363469341e-02

 981	1.009812800001001e-05
	-9.612810955874895e-01
	-3.138834092576860e-01
	2.232988048613960e-02

 982	1.009822800001001e-05
	-9.617477209391340e-01
	-3.135132226980396e-01
	2.444982112105709e-02

 983	1.009832800001001e-05
	-9.621399195566097e-01
	-3.131546235113406e-01
	2.655600992365681e-02

 984	1.009842800001001e-05
	-9.624597225514522e-01
	-3.128070459656848e-01
	2.864829262075608e-02

 985	1.009852800001001e-05
	-9.627091320193627e-01
	-3.124699735342324e-01
	3.072652581900170e-02

 986	1.009862800001001e-05
	-9.628901197953613e-01
	-3.121429348861521e-01
	3.279057656025852e-02

 987	1.009872800001001e-05
	-9.630046263946015e-01
	-3.118255001734108e-01
	3.484032189447595e-02

 988	1.009882800001001e-05
	-9.630545601213659e-01
	-3.115172776012568e-01
	3.687564846932601e-02

 989	1.009892800001001e-05
	-9.630417963294086e-01
	-3.112179102683317e-01
	3.889645213590498e-02

 990	1.009902800001001e-05
	-9.629681768195820e-01
	-3.109270732630726e-01
	4.090263756978274e-02

 991	1.009912800001001e-05
	-9.628355093598926e-01
	-3.106444710006548e-01
	4.289411790669329e-02

 992	1.009922800001002e-05
	-9.626455673162870e-01
	-3.103698347868015e-01
	4.487081439217633e-02

 993	1.009932800001002e-05
	-9.624000893818093e-01
	-3.101029205930934e-01
	4.683265604449804e-02

 994	1.009942800001002e-05
	-9.621007793943426e-01
	-3.098435070303244e-01
	4.877957933019994e-02

 995	1.009952800001002e-05
	-9.617493062323741e-01
	-3.095913935053299e-01
	5.071152785165056e-02

 996	1.009962800001002e-05
	-9.613473037806098e-01
	-3.093463985487418e-01
	5.262845204599476e-02

 997	1.009972800001002e-05
	-9.608963709574052e-01
	-3.091083583011411e-01
	5.453030889492227e-02

 998	1.009982800001002e-05
	-9.603980717959154e-01
	-3.088771251449911e-01
	5.641706164471305e-02

 999	1.009992800001002e-05
	-9.598539355735896e-01
	-3.086525664724811e-01
	5.828867953602401e-02

 1000	1.010000000000000e-05
	-9.594345739783570e-01
	-3.084949532518261e-01
	5.962685898988207e-02

